[[], [], [], [], [], [], [], [], [], [], [], [], [], [], [], [], [], [], [], [], [], [], [], [], [], [], [], [], [], [], [], [], [], [], [], [], [], [], [], [], [], [], [], [], [], [], [], [], [], [], [], [], [], [], [], [], [], [], [], [], [], [], [], [], [], [], [], [], [], [], [], [], [], [], [], [], [], [], [], [], [], [], [], [], [], [], [], [], [], [], [], [], [], [], [], [], [], [], [], [], [], [], [], [], [], [], [], [], [], [], [], [], [], [], [], [], [], [], [], [], [], [], [], [], [], [], [], [], [], [], [], [], [], [], [], [], [], [], [], [], [], [], [], [], [], [], [], [], [], [], [], [], [], [], [], [], [], [], [], [], [], [], [], [], [], [], [], [], [], [], [], [], [], [], [], [], [], [], [], [], [], [], [], [], [], [], [], [], [], [], [], [], [], [], [], [], [], [], [], [], [], [], [  6,  12,  16,  20,  21,  21,  24,  27,  29,  31,  32,  34,  34,  35,
  41,  42,  43,  46,  49,  57,  58,  67,  67,  69,  71,  73,  74,  76,
  77,  78,  78,  82,  83,  91, 101, 102, 104, 105, 106, 110, 114, 122,
 124, 127, 129, 131, 132, 132, 136, 137, 141, 142, 150, 152, 163, 177,
 178, 182, 184, 184, 185, 187, 187, 190, 192, 193, 199], [  4,   6,   8,   8,   8,   9,  10,  12,  13,  13,  13,  16,  16,  17,
  17,  17,  19,  21,  21,  23,  27,  30,  32,  33,  36,  37,  38,  38,
  39,  41,  43,  44,  44,  44,  44,  45,  45,  55,  57,  59,  59,  60,
  69,  69,  69,  73,  74,  75,  77,  78,  78,  79,  81,  82,  84,  86,
  89,  91,  96,  96,  97,  98, 101, 101, 102, 108, 110, 110, 114, 115,
 116, 117, 118, 119, 121, 122, 122, 123, 124, 127, 127, 128, 129, 129,
 130, 132, 132, 132, 132, 136, 137, 138, 141, 142, 143, 144, 146, 149,
 149, 150, 151, 151, 152, 152, 153, 153, 156, 156, 158, 158, 162, 162,
 164, 165, 166, 167, 168, 169, 169, 169, 170, 170, 175, 176, 178, 179,
 180, 182, 182, 182, 186, 186, 186, 188, 189, 189, 190, 191, 191, 193,
 193, 194, 195, 196, 197, 197], [  5,   6,   7,   8,   9,   9,  13,  13,  15,  18,  19,  21,  22,  24,
  25,  25,  26,  27,  28,  29,  30,  34,  37,  38,  39,  39,  41,  41,
  42,  42,  42,  47,  47,  49,  49,  50,  50,  52,  55,  56,  56,  60,
  61,  62,  63,  66,  70,  70,  73,  74,  75,  77,  79,  81,  82,  83,
  86,  88,  88,  90,  90,  90,  90,  91,  91,  92,  95,  97,  97,  98,
  98,  98, 101, 102, 105, 106, 106, 107, 109, 110, 112, 118, 123, 124,
 128, 130, 132, 133, 134, 140, 142, 142, 144, 146, 146, 147, 148, 149,
 152, 154, 157, 161, 161, 161, 162, 164, 164, 169, 172, 173, 175, 179,
 180, 188, 188, 190, 190, 192, 192, 196, 197], [  4,   6,   9,   9,   9,  10,  12,  18,  20,  21,  22,  25,  26,  26,
  30,  30,  32,  34,  36,  36,  40,  48,  48,  50,  57,  59,  62,  63,
  63,  63,  68,  68,  72,  73,  74,  75,  77,  78,  79,  80,  81,  82,
  83,  84,  86,  86,  86,  88,  90,  97,  98,  98, 100, 102, 102, 104,
 104, 105, 105, 105, 109, 109, 112, 112, 112, 116, 116, 118, 118, 121,
 123, 127, 128, 129, 132, 133, 134, 135, 136, 138, 139, 139, 140, 141,
 142, 144, 144, 146, 147, 149, 150, 151, 151, 157, 160, 163, 163, 165,
 165, 166, 167, 168, 169, 170, 175, 177, 178, 178, 181, 181, 181, 183,
 185, 186, 191, 192, 192, 193, 194, 196, 196, 198, 199], [  4,  16,  19,  26,  39,  59,  60,  60,  66,  78,  87,  89,  90,  90,
  92,  93,  93, 105, 108, 113, 115, 119, 120, 123, 123, 130, 132, 151,
 153, 153, 154, 158, 160, 160, 168, 168, 183, 187, 188, 193], [  6,  14,  30,  35,  41,  58,  60,  72,  75,  83,  88,  96,  97,  97,
 119, 121, 125, 133, 136, 141, 144, 149, 154, 158, 170, 171], [], [], [], [], [], [], [], [], [], [], [], [], [], [], [], [], [], [], [], [], [], [], [  4,   4,   5,   7,   8,  10,  15,  17,  17,  20,  21,  23,  26,  27,
  27,  28,  28,  29,  31,  32,  33,  34,  34,  35,  35,  35,  36,  37,
  37,  37,  37,  40,  41,  43,  45,  45,  46,  46,  48,  48,  52,  53,
  54,  54,  55,  55,  56,  56,  56,  57,  59,  62,  63,  63,  64,  64,
  64,  66,  67,  68,  70,  72,  75,  75,  76,  78,  78,  78,  79,  79,
  80,  83,  83,  88,  89,  89,  91,  92,  92,  93,  94,  94,  94,  95,
  95,  95,  96,  97,  99,  99, 100, 101, 102, 102, 103, 103, 106, 106,
 111, 114, 116, 116, 117, 117, 117, 118, 118, 118, 120, 120, 120, 122,
 123, 124, 125, 127, 127, 127, 128, 128, 131, 133, 135, 136, 138, 138,
 139, 140, 143, 143, 146, 146, 146, 147, 148, 148, 148, 150, 151, 155,
 156, 157, 157, 157, 158, 159, 159, 161, 162, 164, 168, 169, 169, 171,
 172, 172, 173, 174, 178, 178, 180, 181, 183, 185, 185, 185, 187, 188,
 188, 189, 193, 194, 196, 196, 198, 199, 199, 199], [  4,   7,   8,   8,   8,   8,  11,  12,  13,  14,  15,  17,  18,  18,
  18,  19,  21,  22,  22,  25,  26,  26,  27,  27,  29,  30,  30,  31,
  33,  34,  35,  35,  35,  36,  37,  37,  38,  38,  39,  40,  40,  41,
  42,  44,  44,  45,  46,  47,  47,  47,  49,  49,  49,  50,  51,  51,
  51,  52,  52,  52,  53,  55,  59,  62,  62,  65,  65,  66,  67,  67,
  69,  71,  72,  73,  74,  75,  76,  76,  76,  76,  77,  79,  81,  81,
  82,  83,  83,  84,  84,  84,  85,  85,  86,  86,  86,  87,  88,  88,
  89,  90,  90,  91,  92,  96,  97,  98,  98, 100, 101, 103, 104, 104,
 104, 105, 106, 106, 106, 107, 109, 109, 110, 110, 111, 111, 112, 113,
 113, 113, 114, 114, 116, 119, 120, 120, 120, 120, 121, 121, 122, 122,
 122, 124, 125, 125, 125, 126, 126, 128, 128, 130, 130, 131, 131, 131,
 132, 133, 135, 137, 137, 137, 138, 141, 141, 143, 144, 146, 147, 150,
 151, 153, 154, 154, 156, 156, 158, 158, 159, 159, 160, 163, 164, 164,
 164, 165, 166, 166, 167, 167, 167, 168, 169, 170, 173, 173, 173, 174,
 174, 175, 177, 178, 178, 178, 179, 180, 180, 181, 181, 181, 183, 185,
 185, 185, 187, 187, 188, 188, 188, 190, 191, 192, 193, 196, 196, 197,
 198, 199], [  7,   7,   8,   9,   9,   9,   9,  10,  10,  10,  11,  11,  11,  13,
  14,  14,  14,  15,  16,  19,  19,  22,  23,  23,  24,  24,  29,  30,
  31,  31,  33,  34,  35,  36,  37,  38,  41,  44,  44,  44,  45,  46,
  47,  49,  49,  49,  50,  51,  52,  53,  54,  55,  55,  56,  57,  59,
  62,  63,  63,  65,  65,  65,  65,  66,  66,  67,  67,  70,  70,  73,
  76,  78,  80,  81,  81,  82,  83,  86,  88,  89,  89,  90,  91,  95,
  96,  97,  97,  99, 100, 101, 102, 103, 104, 105, 106, 106, 108, 109,
 110, 110, 111, 113, 114, 114, 116, 116, 116, 117, 119, 120, 120, 123,
 124, 124, 125, 126, 130, 130, 130, 133, 133, 134, 137, 138, 138, 141,
 143, 143, 143, 143, 143, 145, 146, 150, 150, 151, 152, 152, 152, 152,
 153, 158, 159, 159, 159, 161, 163, 164, 165, 165, 167, 167, 167, 168,
 168, 169, 171, 173, 173, 174, 175, 176, 180, 181, 181, 181, 183, 183,
 185, 185, 185, 186, 186, 187, 188, 188, 189, 191, 192, 192, 192, 193,
 195, 195, 195, 197], [  6,   6,   6,   6,   6,   7,   7,   8,   9,   9,  10,  10,  10,  10,
  10,  16,  17,  18,  18,  19,  20,  20,  21,  23,  26,  27,  28,  30,
  30,  32,  33,  35,  37,  37,  39,  40,  40,  40,  42,  43,  43,  44,
  47,  47,  48,  49,  49,  49,  50,  51,  52,  52,  53,  54,  55,  57,
  59,  60,  61,  62,  63,  63,  63,  64,  64,  67,  68,  69,  69,  70,
  71,  73,  74,  75,  75,  76,  77,  78,  78,  78,  78,  79,  80,  82,
  83,  85,  85,  86,  86,  86,  87,  89,  89,  89,  90,  91,  91,  91,
  93,  94,  94,  94,  95,  95,  97,  97,  98, 101, 102, 102, 103, 103,
 105, 105, 109, 110, 111, 112, 114, 116, 117, 118, 119, 119, 121, 122,
 122, 123, 123, 124, 124, 124, 126, 128, 130, 130, 131, 131, 132, 132,
 139, 139, 140, 142, 142, 143, 143, 145, 146, 147, 148, 148, 149, 150,
 151, 152, 153, 153, 154, 154, 155, 155, 158, 161, 163, 163, 163, 163,
 168, 168, 171, 171, 171, 174, 176, 177, 177, 177, 179, 179, 182, 183,
 183, 183, 184, 184, 185, 187, 187, 188, 188, 188, 188, 190, 191, 193,
 194, 198, 199], [  4,   4,   5,   5,   6,   6,   7,   7,   7,   8,   8,   9,   9,  11,
  11,  12,  14,  14,  14,  15,  15,  16,  17,  17,  18,  20,  20,  21,
  21,  24,  24,  24,  25,  25,  27,  28,  29,  30,  33,  34,  35,  36,
  38,  40,  41,  42,  42,  43,  44,  45,  46,  48,  48,  48,  49,  50,
  51,  52,  52,  52,  58,  59,  61,  61,  62,  62,  63,  66,  67,  67,
  70,  70,  70,  72,  74,  74,  77,  77,  77,  77,  78,  79,  81,  81,
  81,  82,  83,  84,  84,  84,  84,  85,  86,  87,  87,  87,  87,  88,
  88,  89,  89,  93,  95,  95,  96,  98, 100, 101, 101, 103, 105, 108,
 108, 108, 112, 112, 113, 113, 114, 115, 115, 116, 117, 118, 118, 119,
 119, 120, 120, 121, 121, 122, 122, 123, 125, 126, 130, 135, 137, 137,
 142, 143, 143, 144, 145, 145, 145, 145, 146, 148, 148, 149, 151, 153,
 154, 157, 158, 158, 160, 160, 161, 162, 162, 163, 164, 166, 167, 167,
 167, 168, 169, 169, 172, 176, 179, 181, 183, 184, 186, 187, 189, 189,
 189, 191, 193, 195, 195, 195, 195, 195, 196, 196, 197, 198, 199], [  4,   8,  10,  10,  11,  11,  13,  14,  14,  16,  17,  17,  18,  19,
  19,  20,  21,  22,  24,  26,  27,  27,  28,  30,  30,  30,  32,  34,
  36,  36,  38,  39,  40,  40,  41,  42,  42,  43,  45,  45,  45,  46,
  47,  47,  47,  47,  48,  48,  49,  49,  49,  52,  53,  53,  55,  55,
  56,  56,  57,  58,  59,  59,  60,  60,  61,  61,  61,  62,  62,  64,
  64,  64,  65,  70,  71,  71,  72,  72,  73,  74,  74,  74,  76,  76,
  78,  78,  79,  80,  83,  84,  86,  86,  88,  88,  91,  92,  98,  98,
  99, 100, 100, 100, 102, 102, 102, 103, 104, 105, 105, 107, 108, 108,
 109, 109, 114, 115, 116, 118, 118, 120, 121, 123, 124, 124, 124, 124,
 128, 128, 130, 131, 132, 132, 132, 137, 137, 138, 138, 140, 141, 142,
 145, 145, 146, 149, 150, 151, 152, 152, 154, 154, 155, 155, 156, 157,
 158, 159, 160, 161, 161, 162, 163, 164, 167, 168, 169, 169, 171, 172,
 176, 177, 178, 178, 180, 182, 186, 187, 188, 189, 189, 194, 196, 196,
 196, 196, 197, 198], [  8,   9,   9,  10,  10,  11,  22,  23,  24,  25,  27,  28,  28,  29,
  29,  30,  31,  31,  31,  32,  33,  36,  37,  37,  37,  38,  38,  39,
  40,  40,  41,  43,  44,  46,  47,  48,  48,  50,  51,  51,  51,  51,
  56,  57,  58,  59,  59,  60,  62,  63,  64,  64,  65,  67,  67,  68,
  68,  70,  70,  71,  71,  73,  74,  75,  75,  75,  77,  78,  79,  79,
  80,  81,  82,  83,  84,  85,  86,  88,  88,  92,  93,  95,  95,  95,
  97,  97,  98, 101, 103, 104, 104, 106, 106, 106, 108, 113, 116, 118,
 120, 122, 123, 123, 124, 128, 129, 129, 130, 131, 132, 133, 134, 138,
 139, 140, 144, 146, 148, 148, 151, 154, 155, 157, 159, 159, 159, 159,
 160, 162, 162, 162, 167, 167, 172, 172, 174, 174, 176, 177, 177, 178,
 179, 184, 185, 186, 187, 188, 190, 191, 191, 191, 193, 194, 194, 194,
 194, 195, 196, 196, 196, 198, 198], [  8,   8,   9,  11,  13,  14,  14,  16,  17,  18,  20,  21,  21,  23,
  25,  25,  28,  29,  32,  32,  34,  34,  35,  36,  36,  40,  41,  41,
  43,  46,  47,  51,  52,  54,  56,  58,  59,  59,  59,  62,  62,  65,
  66,  69,  70,  71,  72,  73,  73,  80,  80,  82,  83,  83,  84,  86,
  87,  88,  88,  88,  90,  90,  90,  90,  94,  95,  95,  96,  96,  97,
  98,  99, 101, 102, 102, 102, 103, 104, 106, 108, 108, 109, 111, 112,
 113, 114, 115, 117, 117, 119, 120, 120, 121, 122, 122, 123, 125, 127,
 127, 128, 131, 132, 133, 133, 136, 139, 139, 141, 141, 142, 142, 147,
 147, 147, 147, 151, 152, 155, 155, 157, 158, 159, 160, 160, 162, 162,
 163, 164, 164, 164, 165, 167, 167, 169, 169, 169, 170, 171, 171, 173,
 174, 174, 175, 176, 177, 177, 177, 178, 179, 185, 185, 186, 188, 188,
 188, 189, 191, 191, 191, 194, 195, 195, 195, 196, 198], [  4,   4,   5,   6,   8,   8,   8,   9,  10,  12,  14,  14,  15,  16,
  17,  17,  19,  19,  19,  20,  21,  22,  22,  23,  25,  27,  29,  30,
  31,  34,  34,  37,  39,  42,  42,  42,  42,  43,  44,  47,  47,  47,
  47,  50,  51,  52,  53,  54,  54,  57,  57,  59,  59,  60,  60,  61,
  62,  62,  63,  67,  70,  73,  74,  75,  76,  77,  77,  78,  80,  80,
  80,  83,  85,  87,  88,  88,  89,  89,  89,  90,  90,  91,  94,  94,
  96,  96,  98,  99, 101, 101, 101, 103, 105, 109, 109, 110, 112, 112,
 113, 115, 117, 119, 121, 122, 122, 123, 124, 129, 132, 132, 133, 133,
 134, 135, 137, 139, 140, 142, 143, 145, 145, 147, 150, 150, 150, 154,
 154, 155, 157, 160, 160, 160, 162, 163, 163, 163, 164, 164, 165, 166,
 168, 168, 169, 170, 172, 175, 178, 180, 180, 183, 183, 184, 185, 188,
 189, 190, 190, 191, 196, 197, 197, 197], [  4,   7,  10,  11,  15,  17,  18,  22,  23,  24,  27,  28,  28,  32,
  35,  36,  37,  37,  41,  41,  43,  44,  44,  45,  46,  46,  47,  48,
  50,  50,  52,  54,  56,  58,  59,  60,  62,  63,  63,  64,  66,  67,
  68,  68,  68,  68,  70,  71,  73,  74,  74,  74,  74,  78,  80,  81,
  84,  84,  84,  86,  88,  88,  89,  89,  89,  89,  94,  94,  94,  95,
  95,  96,  97,  97,  98,  98,  99,  99, 100, 100, 105, 107, 108, 108,
 111, 112, 115, 115, 115, 115, 115, 116, 116, 116, 118, 120, 120, 122,
 123, 124, 124, 125, 131, 131, 134, 138, 139, 139, 139, 141, 145, 151,
 153, 154, 155, 157, 157, 157, 159, 160, 163, 163, 164, 165, 165, 165,
 166, 167, 167, 167, 167, 167, 169, 171, 172, 175, 175, 175, 176, 180,
 181, 184, 187, 192, 193, 193, 194, 195, 196, 198, 199], [  4,   4,   5,   5,   6,   6,   9,  10,  11,  12,  13,  14,  15,  15,
  15,  16,  17,  18,  19,  19,  20,  20,  20,  21,  21,  21,  23,  23,
  24,  26,  26,  31,  32,  33,  33,  38,  40,  40,  42,  42,  45,  47,
  47,  48,  48,  49,  49,  50,  52,  52,  52,  53,  54,  62,  62,  65,
  68,  68,  75,  77,  80,  82,  83,  83,  86,  87,  88,  88,  90,  91,
  92,  94,  94,  95,  95,  96,  96,  96,  97,  97,  98,  98,  99, 101,
 102, 109, 111, 112, 113, 113, 114, 114, 115, 116, 118, 119, 121, 122,
 122, 123, 124, 124, 130, 130, 131, 136, 136, 137, 139, 140, 143, 144,
 144, 144, 146, 146, 147, 147, 151, 157, 159, 160, 163, 165, 166, 170,
 173, 177, 178, 180, 180, 180, 181, 183, 183, 183, 184, 185, 185, 186,
 188, 190, 190, 190, 193, 193, 199], [  4,   5,   7,   8,  14,  15,  15,  15,  17,  17,  18,  19,  20,  20,
  21,  21,  21,  21,  22,  26,  26,  27,  29,  30,  31,  32,  36,  37,
  38,  43,  45,  46,  47,  47,  48,  49,  51,  54,  54,  55,  55,  55,
  56,  57,  58,  58,  62,  62,  63,  64,  64,  66,  66,  68,  68,  68,
  69,  72,  74,  74,  75,  75,  75,  78,  78,  81,  82,  84,  87,  88,
  89,  89,  89,  91,  94,  94,  95,  96,  97,  99,  99,  99, 100, 102,
 104, 105, 108, 108, 109, 109, 109, 115, 116, 122, 123, 124, 126, 127,
 128, 128, 128, 129, 129, 129, 130, 130, 130, 132, 133, 134, 139, 140,
 141, 142, 145, 145, 145, 146, 148, 149, 154, 155, 155, 156, 157, 158,
 161, 162, 163, 164, 165, 165, 166, 167, 167, 171, 171, 173, 173, 173,
 174, 179, 184, 184, 184, 185, 187, 188, 191, 192, 193, 196, 196, 198,
 198, 199], [  4,   5,   6,   8,   8,  12,  12,  13,  13,  14,  16,  16,  17,  17,
  18,  19,  20,  20,  21,  22,  25,  30,  33,  34,  36,  37,  40,  40,
  42,  43,  43,  44,  44,  47,  49,  51,  51,  52,  53,  54,  54,  54,
  56,  59,  60,  60,  61,  61,  62,  64,  64,  64,  65,  66,  67,  68,
  68,  68,  71,  73,  75,  77,  78,  79,  79,  82,  82,  82,  83,  86,
  87,  90,  91,  92,  93,  93,  94,  94,  94,  97,  97,  99, 101, 102,
 103, 104, 104, 105, 105, 106, 106, 108, 109, 109, 109, 113, 115, 115,
 117, 118, 119, 120, 121, 123, 123, 124, 125, 126, 129, 130, 130, 130,
 130, 134, 135, 137, 142, 142, 142, 142, 143, 144, 144, 145, 145, 146,
 151, 151, 156, 158, 158, 159, 160, 160, 161, 164, 164, 166, 167, 169,
 170, 172, 173, 175, 179, 182, 182, 182, 183, 185, 186, 186, 187, 193,
 193, 194, 196, 198, 199], [  5,   6,   7,   7,   8,   8,   9,   9,  12,  12,  15,  17,  18,  18,
  19,  20,  20,  21,  21,  23,  24,  25,  29,  30,  30,  31,  34,  34,
  34,  34,  35,  35,  36,  38,  39,  39,  42,  45,  45,  47,  49,  50,
  53,  56,  58,  60,  64,  64,  65,  66,  67,  68,  68,  70,  70,  71,
  73,  75,  75,  75,  79,  82,  84,  85,  86,  88,  89,  91,  92,  94,
  98,  99,  99, 100, 100, 105, 107, 109, 109, 112, 113, 113, 114, 118,
 118, 118, 118, 121, 121, 122, 122, 122, 122, 122, 122, 125, 125, 128,
 132, 132, 133, 134, 135, 137, 138, 139, 140, 141, 142, 145, 145, 146,
 147, 148, 152, 153, 156, 158, 158, 158, 159, 162, 163, 163, 165, 165,
 165, 166, 166, 168, 171, 173, 174, 176, 179, 180, 180, 180, 181, 181,
 184, 185, 185, 188, 190, 190, 193, 195, 197, 197, 198, 199], [  6,   6,   9,  11,  11,  12,  13,  14,  16,  18,  23,  24,  25,  27,
  28,  28,  31,  33,  34,  36,  37,  38,  39,  43,  43,  43,  44,  49,
  50,  51,  51,  51,  52,  53,  54,  54,  56,  57,  57,  59,  62,  64,
  65,  66,  67,  67,  68,  68,  69,  72,  73,  73,  74,  75,  76,  79,
  80,  81,  82,  83,  84,  85,  90,  91,  91,  93,  94,  96,  98, 102,
 102, 103, 104, 104, 109, 110, 112, 112, 113, 114, 119, 120, 121, 122,
 122, 125, 127, 130, 133, 134, 136, 136, 139, 140, 140, 145, 145, 145,
 145, 147, 148, 148, 148, 157, 158, 160, 161, 164, 166, 166, 166, 167,
 168, 172, 172, 175, 176, 176, 176, 178, 178, 178, 181, 182, 182, 182,
 183, 184, 185, 185, 185, 186, 188, 188, 189, 189, 190, 194, 195, 196,
 198], [ 13,  16,  20,  24,  26,  32,  43,  45,  49,  50,  50,  61,  65,  70,
  72,  72,  81,  82,  88,  93, 101, 102, 103, 106, 111, 114, 114, 136,
 137, 160, 162, 170, 176, 177, 178, 178, 181, 181, 191], [], [], [], [], [], [], [], [], [], [], [], [], [  6,   7,  11,  16,  19,  25,  32,  33,  34,  34,  44,  45,  50,  51,
  51,  54,  58,  62,  65,  70,  75,  76,  78,  81,  86,  86,  88,  95,
  98, 101, 108, 110, 117, 123, 125, 140, 144, 161, 161, 162, 162, 175,
 181, 185, 186, 196, 196, 196], [  5,   5,   6,   7,  15,  20,  20,  26,  29,  31,  33,  35,  36,  36,
  38,  41,  43,  46,  48,  48,  50,  50,  53,  55,  57,  59,  62,  68,
  73,  73,  74,  75,  75,  77,  79,  81,  82,  91,  95,  95,  95,  96,
  97,  98, 100, 105, 107, 108, 110, 110, 119, 120, 125, 126, 128, 131,
 135, 136, 137, 142, 143, 143, 152, 155, 158, 177, 179, 180, 185, 190,
 191, 192, 196, 196, 196, 197, 197, 199], [  4,   7,  16,  20,  23,  27,  30,  36,  37,  39,  42,  48,  48,  51,
  54,  56,  62,  65,  66,  68,  71,  73,  80,  90,  98, 102, 103, 104,
 105, 109, 111, 113, 114, 114, 125, 135, 140, 143, 155, 156, 157, 158,
 162, 165, 167, 172, 172, 174, 186, 187, 188, 189, 190, 191, 192, 193,
 196], [  5,   7,   7,   8,   8,   9,  10,  22,  23,  24,  27,  27,  29,  29,
  31,  40,  41,  51,  52,  53,  58,  59,  68,  70,  71,  72,  72,  76,
  76,  77,  82,  83,  85,  88,  89,  94,  97,  97,  99,  99, 100, 100,
 100, 101, 101, 102, 103, 105, 106, 106, 108, 108, 114, 114, 125, 127,
 138, 142, 142, 145, 146, 148, 149, 149, 152, 154, 159, 161, 162, 163,
 166, 168, 168, 172, 174, 181, 185, 185, 186, 189, 189, 190, 191, 197,
 198, 198], [  5,   5,   7,   8,  11,  13,  14,  17,  19,  23,  23,  25,  25,  26,
  28,  36,  36,  38,  39,  41,  41,  41,  42,  43,  47,  48,  49,  53,
  56,  56,  60,  63,  69,  71,  72,  74,  80,  84,  86,  88,  89,  93,
  94,  94,  95,  97, 103, 104, 105, 105, 106, 107, 111, 112, 112, 113,
 113, 113, 115, 115, 116, 117, 117, 118, 118, 121, 122, 123, 124, 125,
 128, 130, 133, 134, 136, 137, 138, 141, 144, 146, 147, 148, 150, 154,
 157, 157, 161, 161, 167, 168, 168, 174, 174, 175, 176, 176, 177, 177,
 184, 185, 188, 189, 190, 191, 195, 196, 197, 197, 198], [  4,   4,   5,   6,   6,   7,   7,   7,   9,   9,  10,  10,  11,  15,
  16,  16,  16,  17,  18,  18,  18,  19,  23,  26,  26,  28,  29,  30,
  32,  32,  34,  34,  35,  36,  41,  42,  42,  42,  44,  46,  49,  49,
  51,  51,  52,  53,  54,  54,  54,  57,  57,  59,  59,  61,  61,  63,
  65,  65,  66,  67,  68,  68,  70,  71,  72,  73,  74,  75,  75,  75,
  75,  77,  77,  78,  80,  81,  83,  84,  85,  85,  86,  86,  89,  90,
  91,  92,  93,  93,  96, 101, 102, 102, 102, 104, 107, 107, 109, 109,
 109, 109, 110, 110, 111, 111, 111, 112, 114, 115, 115, 116, 117, 119,
 119, 119, 121, 122, 123, 124, 125, 126, 127, 128, 130, 130, 130, 130,
 131, 132, 134, 135, 136, 136, 137, 138, 140, 140, 143, 144, 144, 145,
 147, 148, 149, 151, 151, 152, 154, 154, 154, 155, 155, 155, 158, 159,
 160, 162, 162, 162, 166, 166, 169, 169, 170, 171, 172, 175, 176, 178,
 179, 180, 181, 181, 181, 184, 185, 190, 190, 191, 192, 192, 193, 193,
 193, 193, 193, 195, 195, 196, 197, 197, 198, 198, 199], [  4,   5,   5,   7,   7,   9,   9,  10,  11,  14,  14,  15,  16,  19,
  19,  21,  22,  24,  25,  29,  30,  31,  32,  32,  34,  34,  35,  35,
  36,  38,  39,  40,  41,  43,  43,  44,  46,  47,  48,  48,  50,  50,
  51,  51,  52,  56,  56,  58,  59,  59,  60,  60,  60,  60,  61,  61,
  62,  62,  64,  65,  65,  65,  66,  68,  69,  71,  71,  72,  72,  72,
  73,  75,  75,  77,  77,  77,  80,  82,  83,  83,  84,  85,  85,  85,
  86,  87,  87,  88,  88,  89,  90,  91,  93,  95,  96,  96,  97, 100,
 101, 101, 102, 102, 107, 108, 109, 110, 110, 111, 113, 113, 115, 115,
 116, 116, 116, 118, 118, 120, 122, 124, 125, 127, 127, 127, 128, 130,
 133, 135, 135, 136, 136, 137, 138, 138, 139, 139, 139, 141, 142, 143,
 143, 146, 148, 148, 148, 148, 149, 149, 149, 149, 151, 151, 153, 153,
 154, 156, 159, 161, 161, 162, 164, 167, 168, 168, 168, 169, 169, 169,
 170, 174, 174, 174, 174, 176, 176, 176, 178, 180, 181, 181, 182, 184,
 186, 187, 189, 189, 189, 192, 194, 195, 195, 195, 196, 196, 196, 197,
 199], [  5,   5,   7,   7,  16,  16,  17,  17,  18,  21,  22,  22,  22,  24,
  25,  25,  27,  28,  30,  30,  32,  32,  32,  36,  36,  40,  40,  41,
  42,  43,  46,  47,  47,  48,  49,  50,  52,  52,  54,  56,  56,  57,
  63,  63,  64,  65,  65,  65,  66,  66,  70,  71,  72,  73,  74,  74,
  76,  76,  76,  79,  79,  80,  80,  81,  81,  81,  82,  82,  83,  84,
  85,  86,  86,  86,  93,  94,  95,  99,  99, 105, 106, 106, 107, 107,
 107, 108, 108, 109, 110, 110, 110, 113, 113, 114, 114, 115, 117, 118,
 118, 122, 123, 123, 126, 127, 127, 127, 129, 129, 131, 131, 133, 133,
 134, 134, 134, 134, 135, 140, 140, 144, 146, 146, 147, 148, 150, 151,
 154, 154, 155, 157, 159, 159, 163, 163, 163, 163, 168, 168, 170, 170,
 171, 173, 173, 173, 173, 175, 176, 178, 178, 178, 179, 181, 181, 182,
 183, 185, 186, 187, 187, 189, 190, 190, 190, 193, 193, 194, 194, 195,
 197, 198, 198, 198], [  4,   5,   5,   6,   9,  10,  10,  12,  12,  14,  15,  15,  17,  19,
  21,  21,  23,  23,  24,  24,  24,  25,  26,  26,  26,  26,  27,  31,
  32,  32,  32,  33,  34,  36,  38,  38,  39,  41,  41,  48,  49,  50,
  50,  52,  53,  57,  58,  59,  59,  59,  59,  60,  61,  61,  62,  62,
  63,  63,  63,  64,  68,  70,  71,  74,  75,  79,  81,  82,  83,  83,
  84,  84,  84,  85,  86,  86,  87,  89,  90,  90,  91,  92,  92,  92,
  94,  95,  98,  98,  98,  98, 100, 100, 100, 103, 104, 104, 106, 107,
 108, 109, 109, 111, 113, 113, 114, 114, 115, 115, 116, 116, 117, 117,
 120, 120, 121, 122, 123, 123, 124, 124, 126, 127, 128, 129, 129, 130,
 130, 132, 134, 134, 135, 137, 138, 140, 141, 142, 143, 144, 144, 145,
 149, 150, 151, 151, 152, 153, 153, 155, 156, 158, 158, 159, 159, 159,
 160, 160, 160, 160, 160, 162, 163, 163, 163, 163, 164, 164, 167, 167,
 168, 169, 170, 170, 172, 172, 172, 173, 174, 178, 179, 179, 179, 181,
 183, 184, 185, 186, 187, 189, 190, 194, 194, 194, 195, 195, 195, 195,
 196, 197, 198], [  7,   9,  11,  11,  16,  17,  17,  17,  18,  19,  19,  20,  22,  22,
  22,  24,  25,  25,  28,  31,  33,  35,  39,  40,  41,  41,  43,  46,
  48,  49,  53,  54,  55,  57,  58,  58,  59,  61,  61,  61,  62,  62,
  62,  63,  64,  65,  65,  65,  67,  67,  69,  70,  70,  71,  71,  73,
  73,  74,  74,  76,  76,  77,  82,  82,  82,  83,  84,  86,  87,  87,
  88,  88,  90,  91,  91,  92,  92,  93,  93,  94,  94,  94,  96,  96,
  96,  97,  97,  98,  98, 100, 100, 101, 101, 101, 102, 102, 103, 106,
 107, 109, 112, 113, 113, 114, 114, 116, 117, 117, 119, 119, 120, 120,
 122, 127, 132, 134, 135, 135, 136, 136, 136, 137, 138, 141, 144, 146,
 146, 148, 148, 150, 151, 151, 151, 153, 154, 155, 155, 156, 158, 160,
 160, 161, 162, 163, 163, 163, 164, 165, 168, 168, 168, 169, 171, 172,
 174, 176, 176, 177, 178, 178, 179, 181, 183, 184, 184, 184, 184, 185,
 186, 187, 188, 189, 189, 193, 195, 195, 195, 195, 196, 196, 197, 197,
 198, 198], [  4,   5,   7,   7,   8,   9,   9,  10,  11,  11,  12,  12,  14,  15,
  15,  17,  17,  18,  18,  19,  21,  21,  21,  24,  31,  31,  34,  34,
  35,  37,  37,  37,  37,  38,  38,  38,  39,  39,  40,  41,  42,  43,
  43,  44,  44,  45,  45,  46,  46,  48,  51,  51,  51,  52,  52,  53,
  53,  54,  54,  55,  56,  56,  56,  56,  58,  59,  60,  60,  60,  60,
  61,  62,  63,  64,  64,  65,  66,  66,  66,  67,  67,  69,  69,  72,
  73,  74,  77,  77,  78,  78,  79,  80,  80,  80,  81,  81,  82,  83,
  83,  83,  83,  84,  86,  86,  88,  89,  89,  90,  91,  93,  93,  93,
  94,  94,  95,  96,  96,  97,  97,  98,  99, 100, 100, 101, 102, 102,
 102, 102, 104, 105, 105, 105, 106, 107, 107, 108, 112, 113, 113, 115,
 117, 117, 118, 118, 118, 118, 119, 120, 121, 122, 127, 128, 129, 130,
 131, 134, 136, 136, 137, 139, 140, 140, 140, 141, 142, 143, 144, 144,
 147, 147, 147, 148, 149, 150, 150, 152, 153, 154, 155, 155, 156, 158,
 159, 160, 161, 161, 162, 162, 163, 164, 165, 166, 167, 168, 169, 170,
 170, 171, 173, 174, 175, 175, 175, 175, 178, 179, 180, 181, 184, 184,
 186, 187, 187, 188, 189, 190, 190, 191, 191, 192, 192, 193, 193, 196,
 197, 198, 198, 199], [  6,   7,   8,   8,   9,  10,  10,  11,  14,  15,  16,  17,  17,  18,
  19,  21,  22,  22,  22,  23,  23,  23,  24,  24,  25,  26,  26,  27,
  27,  31,  32,  35,  36,  36,  38,  39,  39,  40,  40,  41,  41,  41,
  43,  45,  45,  46,  47,  48,  48,  48,  50,  51,  51,  55,  56,  58,
  59,  62,  63,  64,  64,  68,  68,  70,  71,  72,  72,  72,  76,  78,
  79,  82,  83,  83,  83,  84,  85,  86,  87,  88,  90,  90,  90,  92,
  92,  92,  96,  96,  96,  98,  98, 100, 100, 105, 106, 106, 107, 107,
 108, 109, 109, 109, 110, 112, 112, 112, 113, 113, 114, 115, 116, 116,
 117, 118, 119, 119, 119, 121, 122, 122, 123, 125, 126, 126, 129, 130,
 131, 131, 131, 132, 132, 136, 136, 137, 137, 138, 138, 140, 142, 143,
 144, 145, 150, 150, 151, 152, 153, 154, 154, 154, 156, 156, 156, 156,
 157, 157, 158, 159, 159, 160, 160, 160, 161, 161, 163, 164, 167, 168,
 168, 169, 170, 170, 170, 172, 174, 174, 175, 176, 177, 178, 179, 179,
 179, 181, 184, 184, 186, 190, 191, 192, 193, 193, 196, 197, 198, 198,
 199, 199], [  4,   6,  10,  10,  11,  12,  13,  14,  14,  14,  14,  16,  16,  17,
  18,  26,  27,  29,  30,  31,  32,  33,  34,  34,  34,  35,  35,  36,
  37,  39,  41,  43,  43,  44,  45,  49,  49,  49,  50,  53,  53,  54,
  55,  56,  56,  56,  56,  57,  58,  59,  59,  60,  61,  61,  61,  61,
  65,  65,  65,  67,  67,  68,  70,  70,  70,  72,  77,  77,  77,  78,
  79,  80,  81,  84,  84,  86,  86,  87,  87,  89,  89,  89,  89,  92,
  93,  94,  95,  95,  96,  96, 100, 102, 103, 104, 106, 107, 108, 110,
 111, 112, 117, 117, 119, 119, 121, 122, 123, 123, 124, 126, 128, 128,
 130, 130, 131, 132, 133, 134, 136, 137, 137, 138, 138, 142, 143, 144,
 144, 145, 146, 146, 147, 149, 151, 152, 152, 153, 154, 154, 154, 155,
 157, 159, 160, 160, 164, 167, 168, 168, 168, 169, 170, 170, 171, 173,
 176, 176, 176, 176, 176, 178, 178, 179, 179, 181, 181, 182, 182, 182,
 184, 184, 184, 185, 185, 186, 186, 189, 189, 192, 193, 194, 194, 198,
 199, 199], [  5,   5,   5,   7,   8,   9,  10,  10,  10,  12,  13,  13,  15,  17,
  18,  19,  20,  21,  22,  23,  24,  24,  25,  25,  26,  26,  27,  29,
  30,  30,  31,  32,  32,  36,  37,  38,  38,  38,  39,  40,  40,  42,
  42,  42,  43,  44,  44,  45,  46,  46,  48,  48,  48,  51,  52,  53,
  53,  54,  55,  55,  55,  55,  56,  57,  59,  60,  61,  63,  64,  64,
  64,  64,  66,  68,  68,  69,  70,  70,  70,  72,  74,  74,  76,  77,
  80,  81,  82,  85,  86,  87,  87,  89,  90,  90,  92,  96,  97,  97,
  97,  97,  98,  99,  99, 100, 100, 101, 103, 104, 108, 109, 112, 112,
 113, 114, 115, 115, 116, 116, 116, 117, 118, 121, 122, 123, 124, 125,
 128, 128, 133, 134, 138, 138, 138, 139, 139, 140, 140, 142, 142, 143,
 144, 146, 148, 148, 149, 149, 151, 152, 153, 154, 154, 155, 155, 156,
 156, 157, 158, 159, 160, 161, 162, 164, 164, 164, 165, 167, 168, 168,
 169, 170, 170, 171, 176, 177, 177, 178, 180, 181, 181, 181, 186, 187,
 188, 188, 189, 189, 189, 190, 190, 193, 194, 195, 197, 197, 198], [  4,   5,   5,   5,   5,   8,   8,   8,   8,  10,  10,  10,  12,  13,
  14,  14,  14,  15,  16,  16,  16,  17,  18,  19,  19,  20,  21,  22,
  22,  24,  25,  25,  28,  28,  29,  30,  30,  30,  31,  33,  33,  33,
  33,  33,  39,  40,  40,  41,  41,  41,  43,  45,  46,  47,  48,  49,
  49,  49,  49,  49,  49,  51,  51,  52,  53,  54,  54,  55,  59,  60,
  61,  62,  62,  62,  63,  63,  63,  66,  66,  67,  69,  70,  71,  71,
  72,  73,  74,  75,  76,  78,  79,  82,  85,  86,  86,  88,  90,  91,
  92,  94,  95,  95,  97,  98,  98,  98,  98, 101, 102, 105, 107, 107,
 107, 107, 109, 110, 114, 114, 116, 119, 120, 121, 122, 122, 125, 126,
 127, 127, 127, 129, 130, 131, 131, 135, 136, 138, 141, 141, 142, 142,
 143, 145, 145, 145, 146, 146, 146, 146, 147, 148, 149, 149, 150, 151,
 152, 152, 152, 152, 154, 154, 157, 159, 161, 161, 164, 164, 166, 167,
 167, 167, 168, 169, 169, 169, 170, 171, 172, 172, 173, 173, 174, 174,
 175, 175, 177, 178, 178, 179, 180, 181, 182, 183, 184, 184, 186, 187,
 188, 190, 191, 191, 192, 192, 194, 197, 199], [  5,   5,   6,   9,   9,  12,  17,  19,  20,  23,  26,  28,  30,  33,
  37,  38,  39,  40,  43,  44,  45,  47,  49,  52,  58,  59,  59,  59,
  63,  65,  66,  66,  68,  68,  69,  72,  73,  74,  76,  78,  78,  80,
  81,  81,  81,  84,  84,  87,  87,  87,  89,  96,  97,  98,  99, 103,
 104, 104, 113, 116, 117, 118, 120, 120, 121, 125, 125, 126, 126, 127,
 127, 133, 133, 133, 136, 136, 137, 137, 138, 138, 140, 143, 145, 146,
 146, 148, 149, 150, 154, 161, 167, 167, 169, 170, 171, 172, 174, 175,
 177, 182, 185, 185, 186, 190, 190, 196, 197, 199], [], [], [], [], [], [], [], [], [], [], [], [], [], [], [], [], [], [ 32,  63,  76,  86,  91,  96, 105, 122, 128, 138, 142, 172, 172, 178], [  4,  11,  19,  27,  28,  34,  38,  41,  42,  43,  49,  51,  52,  56,
  62,  65,  71,  72,  74,  76,  78,  80, 102, 107, 113, 116, 127, 130,
 130, 133, 135, 136, 143, 151, 157, 171, 179, 184, 184, 187, 187, 187,
 188, 191, 194, 197], [ 41,  49,  54,  84, 103, 109, 112, 148, 155], [  6,   8,  10,  12,  16,  16,  17,  19,  21,  22,  25,  27,  28,  29,
  32,  35,  40,  41,  43,  47,  51,  52,  59,  61,  70,  77,  78,  82,
  96, 105, 107, 117, 117, 121, 122, 130, 133, 140, 142, 142, 142, 150,
 154, 160, 165, 165, 172, 178, 179, 180, 180, 182, 186, 187, 189, 191,
 194, 194, 195], [  4,   6,   9,  10,  12,  16,  16,  19,  21,  31,  31,  32,  37,  37,
  40,  43,  70,  72,  81,  84,  96,  98,  99, 101, 103, 111, 113, 125,
 126, 126, 127, 131, 137, 139, 145, 146, 150, 150, 151, 164, 173, 179,
 182, 186, 188, 191, 193, 196], [  8,   8,  10,  19,  22,  25,  26,  26,  27,  29,  29,  34,  37,  38,
  41,  41,  45,  47,  49,  64,  67,  67,  68,  73,  76,  77,  85,  88,
  89,  89,  90,  92,  95,  98, 100, 102, 105, 106, 107, 113, 119, 122,
 127, 127, 130, 131, 131, 133, 138, 141, 143, 145, 147, 151, 154, 155,
 156, 159, 170, 172, 172, 175, 176, 178, 180, 188, 192, 192, 194, 196,
 196], [  9,  11,  18,  22,  24,  29,  33,  37,  38,  46,  54,  58,  59,  71,
  76,  77,  83,  83,  87,  93,  98,  99,  99, 102, 107, 107, 109, 116,
 116, 119, 125, 127, 133, 144, 145, 147, 148, 153, 157, 161, 164, 164,
 175, 176, 176, 177, 179, 184, 192, 194, 199, 199], [  5,   6,  14,  33,  65,  71,  74,  76,  86,  95,  98, 116, 134, 152,
 166, 194], [  4,   5,   5,   5,   6,   9,   9,  10,  11,  14,  14,  15,  15,  16,
  17,  19,  19,  19,  21,  22,  22,  22,  23,  25,  27,  27,  28,  28,
  28,  29,  32,  32,  32,  33,  35,  35,  38,  38,  38,  41,  43,  43,
  43,  44,  46,  47,  48,  50,  50,  51,  52,  54,  57,  57,  58,  59,
  59,  60,  60,  60,  60,  63,  64,  66,  67,  67,  68,  69,  69,  69,
  69,  70,  71,  72,  73,  75,  76,  77,  79,  79,  80,  81,  82,  83,
  83,  84,  84,  84,  87,  89,  94,  95,  95,  97,  97,  98, 100, 100,
 104, 108, 109, 109, 109, 111, 111, 112, 118, 119, 121, 121, 124, 124,
 125, 125, 125, 126, 128, 129, 130, 130, 132, 132, 134, 135, 135, 135,
 137, 137, 140, 141, 141, 143, 145, 146, 148, 150, 150, 151, 151, 153,
 156, 156, 157, 159, 159, 161, 162, 162, 167, 168, 168, 171, 171, 172,
 173, 174, 176, 178, 179, 179, 180, 182, 183, 184, 188, 188, 191, 191,
 192, 192, 192, 195, 196, 199], [  4,   5,   6,   6,   6,   7,   7,   9,  10,  17,  17,  19,  19,  20,
  21,  22,  24,  26,  27,  29,  31,  31,  31,  32,  33,  34,  34,  35,
  36,  37,  38,  39,  40,  40,  40,  41,  41,  42,  42,  43,  45,  45,
  46,  47,  50,  50,  51,  53,  54,  55,  55,  56,  56,  56,  58,  58,
  59,  60,  62,  64,  65,  67,  68,  71,  72,  72,  73,  74,  74,  75,
  75,  76,  76,  78,  79,  80,  83,  83,  84,  84,  84,  85,  86,  86,
  86,  87,  88,  88,  92,  92,  93,  94,  98,  98,  98,  99, 104, 107,
 108, 109, 109, 111, 112, 112, 113, 114, 118, 119, 120, 121, 121, 122,
 123, 124, 125, 127, 128, 133, 133, 134, 134, 136, 138, 139, 140, 141,
 141, 143, 144, 146, 147, 150, 151, 151, 152, 153, 154, 157, 158, 159,
 159, 161, 163, 164, 167, 168, 170, 172, 172, 174, 175, 176, 178, 178,
 178, 178, 178, 179, 181, 181, 181, 182, 182, 183, 185, 185, 186, 186,
 188, 189, 189, 190, 190, 191, 191, 192, 192, 192, 194, 194, 194, 195,
 197], [  4,   6,   6,   7,  11,  17,  19,  23,  27,  29,  39,  40,  42,  44,
  44,  48,  51,  57,  59,  60,  62,  66,  67,  69,  71,  73,  74,  82,
  83,  85,  92,  95,  95,  96,  98,  98,  99, 100, 107, 108, 115, 120,
 123, 127, 133, 137, 142, 143, 145, 145, 147, 150, 151, 152, 156, 159,
 164, 169, 169, 174, 174, 180, 187, 190, 191, 193, 198], [], [], [], [], [], [], [], [], [], [], [], [], [], [], [], [], [], [], [], [], [], [], [], [], [  4,   7,   8,   9,   9,  10,  11,  18,  18,  19,  21,  24,  28,  48,
  53,  55,  58,  58,  62,  64,  67,  69,  72,  73,  78,  83,  86,  86,
  87,  93, 105, 106, 107, 108, 111, 112, 113, 115, 117, 118, 124, 131,
 138, 144, 144, 144, 148, 148, 149, 152, 155, 158, 160, 161, 162, 168,
 169, 169, 172, 177, 180, 182, 182, 187, 198, 199], [  4,   4,   4,   5,   6,   9,  12,  12,  12,  13,  15,  15,  16,  16,
  17,  17,  18,  19,  19,  19,  24,  24,  26,  26,  28,  32,  33,  33,
  34,  36,  36,  37,  42,  42,  45,  45,  46,  47,  47,  47,  48,  49,
  51,  53,  53,  55,  56,  56,  56,  56,  57,  58,  59,  59,  60,  61,
  62,  64,  64,  68,  69,  70,  70,  73,  73,  73,  75,  76,  77,  77,
  78,  80,  80,  81,  82,  82,  83,  83,  85,  85,  86,  86,  88,  89,
  90,  91,  91,  91,  92,  96,  97,  97,  98,  99,  99,  99,  99, 101,
 103, 103, 105, 105, 106, 108, 108, 112, 112, 112, 113, 114, 116, 117,
 117, 117, 118, 120, 121, 121, 123, 123, 123, 124, 126, 128, 129, 132,
 132, 134, 134, 135, 136, 137, 137, 138, 140, 140, 140, 141, 142, 143,
 144, 147, 147, 150, 151, 152, 152, 152, 156, 157, 157, 159, 159, 160,
 160, 161, 161, 165, 167, 167, 169, 169, 169, 171, 171, 173, 174, 175,
 177, 178, 179, 179, 180, 180, 181, 181, 182, 184, 186, 186, 186, 188,
 188, 189, 190, 190, 190, 191, 191, 192, 192, 193, 195, 198, 199, 199,
 199], [  4,   6,   6,   6,   8,   9,   9,  11,  12,  12,  13,  17,  17,  18,
  20,  21,  23,  24,  25,  25,  27,  28,  31,  33,  33,  33,  33,  35,
  35,  36,  37,  39,  40,  42,  42,  43,  44,  45,  45,  46,  48,  48,
  48,  49,  53,  54,  54,  54,  55,  56,  56,  60,  61,  63,  67,  69,
  71,  72,  73,  75,  75,  76,  76,  76,  80,  80,  81,  81,  82,  83,
  85,  86,  86,  86,  87,  87,  89,  89,  90,  91,  91,  93,  94,  96,
  96,  97,  98, 101, 101, 101, 102, 102, 105, 106, 110, 113, 117, 117,
 117, 118, 118, 119, 120, 121, 121, 121, 126, 126, 126, 127, 129, 132,
 132, 133, 136, 136, 136, 136, 137, 139, 139, 140, 141, 141, 141, 142,
 143, 144, 144, 146, 151, 158, 158, 159, 160, 162, 162, 162, 163, 164,
 165, 168, 172, 173, 174, 174, 174, 176, 178, 179, 181, 181, 182, 182,
 184, 185, 185, 186, 187, 187, 188, 188, 191, 194, 196, 196, 198], [  5,   7,  24,  25,  36,  61,  94,  97, 108, 111, 113, 137, 142, 142,
 160, 165, 172, 178, 181, 190], [], [], [], [], [], [], [], [], [], [], [], [], [], [], [], [], [], [], [], [], [], [], [], [ 22,  35,  42,  44,  54,  69,  73,  81,  85, 135, 161, 187, 190], [  5,   5,   6,   8,   9,  10,  10,  12,  16,  16,  17,  17,  19,  20,
  20,  21,  23,  24,  25,  25,  26,  27,  28,  31,  31,  31,  31,  32,
  32,  32,  33,  37,  41,  41,  42,  44,  45,  45,  47,  48,  50,  51,
  51,  51,  52,  52,  52,  53,  55,  55,  55,  56,  56,  58,  60,  60,
  61,  62,  63,  63,  64,  64,  64,  66,  68,  71,  73,  74,  74,  76,
  77,  77,  78,  79,  79,  80,  80,  81,  81,  84,  86,  87,  90,  90,
  91,  93,  94,  95,  96,  97,  98,  98,  98,  98,  98, 102, 102, 104,
 106, 108, 108, 108, 111, 111, 113, 113, 115, 116, 116, 118, 120, 120,
 121, 124, 125, 128, 128, 128, 131, 132, 134, 136, 136, 136, 142, 142,
 143, 145, 146, 146, 147, 150, 150, 151, 152, 152, 153, 156, 156, 157,
 159, 159, 162, 162, 163, 163, 167, 167, 168, 168, 168, 170, 174, 174,
 175, 178, 178, 180, 181, 181, 183, 183, 186, 186, 189, 191, 194, 195,
 195, 197, 199, 199], [  4,   5,   5,   6,   7,   9,  11,  11,  11,  13,  13,  13,  13,  14,
  15,  17,  18,  20,  23,  25,  26,  27,  27,  28,  28,  31,  31,  33,
  33,  34,  36,  36,  36,  37,  37,  38,  39,  39,  41,  41,  42,  44,
  46,  46,  46,  47,  48,  49,  51,  51,  52,  54,  54,  54,  54,  56,
  56,  57,  57,  58,  59,  59,  60,  60,  61,  61,  61,  62,  63,  63,
  64,  65,  66,  66,  66,  67,  68,  71,  71,  71,  72,  72,  72,  75,
  77,  78,  79,  79,  79,  80,  83,  85,  86,  87,  87,  87,  90,  90,
  95,  95,  96,  96,  97,  97,  98,  99, 105, 105, 108, 108, 108, 108,
 109, 110, 112, 112, 113, 114, 116, 116, 117, 120, 120, 121, 123, 123,
 124, 124, 125, 127, 127, 127, 128, 129, 132, 133, 133, 135, 136, 137,
 139, 140, 143, 143, 144, 147, 151, 151, 152, 153, 154, 155, 155, 159,
 159, 163, 163, 164, 168, 170, 171, 172, 172, 172, 172, 173, 176, 176,
 177, 177, 177, 177, 179, 179, 180, 180, 183, 184, 185, 186, 186, 186,
 187, 188, 189, 190, 193, 193, 194, 195, 196, 196, 197, 198, 198, 198], [  4,   6,   8,  10,  12,  16,  23,  24,  24,  26,  31,  32,  43,  43,
  43,  46,  48,  48,  60,  65,  66,  70,  75,  76,  81,  86,  94,  96,
 100, 100, 101, 103, 106, 108, 109, 110, 124, 125, 130, 141, 141, 143,
 145, 147, 149, 149, 154, 165, 166, 166, 170, 174, 178, 183, 187, 192,
 193, 193, 194, 199], [], [], [], [], [], [], [], [], [], [], [], [], [], [], [], [], [], [], [], [], [], [], [], [], [  6,   8,   9,  12,  13,  14,  18,  19,  21,  23,  23,  25,  28,  28,
  29,  31,  35,  36,  38,  40,  40,  41,  41,  42,  43,  45,  47,  52,
  55,  57,  58,  62,  62,  65,  67,  72,  72,  73,  75,  76,  78,  78,
  80,  81,  82,  82,  82,  87,  88,  93,  94,  96,  96,  97, 104, 105,
 107, 107, 108, 109, 109, 110, 112, 117, 118, 119, 122, 123, 124, 124,
 128, 129, 132, 132, 132, 133, 139, 142, 144, 145, 145, 150, 152, 156,
 161, 163, 165, 170, 176, 177, 177, 178, 184, 184, 185, 187, 187, 190,
 190, 193, 198, 198], [  4,   5,   6,   7,   7,   8,  10,  12,  12,  15,  16,  16,  16,  16,
  17,  17,  17,  19,  20,  20,  22,  22,  22,  23,  23,  24,  26,  28,
  28,  29,  29,  31,  32,  34,  34,  36,  39,  40,  40,  41,  42,  43,
  43,  43,  44,  46,  47,  49,  49,  51,  52,  52,  52,  53,  53,  54,
  54,  55,  56,  56,  57,  58,  59,  60,  61,  62,  63,  63,  64,  65,
  66,  67,  70,  71,  71,  72,  72,  72,  72,  73,  77,  78,  80,  80,
  83,  85,  88,  88,  89,  90,  90,  92,  96,  98, 100, 100, 101, 102,
 103, 105, 107, 108, 109, 109, 110, 112, 112, 112, 112, 114, 115, 117,
 118, 119, 120, 120, 122, 124, 125, 125, 126, 127, 131, 132, 132, 133,
 134, 134, 136, 136, 136, 137, 137, 139, 139, 140, 140, 143, 144, 144,
 145, 148, 148, 149, 150, 153, 153, 153, 154, 155, 156, 157, 157, 158,
 158, 158, 159, 159, 162, 164, 164, 164, 165, 166, 167, 167, 169, 170,
 170, 172, 173, 174, 177, 178, 178, 178, 178, 179, 180, 180, 181, 181,
 181, 182, 184, 186, 186, 188, 188, 190, 190, 190, 191, 192, 194, 196,
 196, 196, 196, 196, 197, 197], [  4,   4,   5,   6,   8,   9,  11,  12,  13,  14,  14,  14,  16,  17,
  19,  19,  20,  21,  22,  26,  26,  28,  30,  30,  30,  31,  33,  33,
  33,  33,  33,  34,  35,  38,  38,  38,  39,  40,  42,  43,  43,  46,
  46,  46,  48,  48,  49,  51,  51,  52,  56,  58,  59,  62,  63,  65,
  66,  66,  68,  68,  68,  69,  75,  77,  78,  78,  79,  81,  82,  83,
  84,  84,  85,  85,  85,  86,  86,  86,  88,  89,  89,  90,  91,  92,
  92,  95,  97,  97,  98,  99, 100, 102, 102, 104, 105, 106, 106, 107,
 108, 110, 111, 112, 114, 116, 116, 116, 117, 117, 118, 119, 119, 122,
 126, 126, 126, 126, 128, 128, 130, 130, 130, 133, 133, 134, 135, 135,
 136, 136, 137, 137, 138, 138, 138, 139, 139, 140, 140, 142, 142, 143,
 143, 143, 144, 145, 146, 147, 147, 148, 149, 149, 150, 151, 151, 153,
 153, 154, 154, 154, 155, 158, 158, 160, 164, 165, 168, 168, 169, 170,
 170, 171, 173, 175, 175, 176, 177, 177, 178, 179, 179, 181, 181, 181,
 181, 182, 183, 184, 184, 186, 187, 188, 189, 191, 191, 191, 194, 194,
 195, 196, 198, 198], [  9,  26,  30,  36,  41,  42,  43,  44,  50,  53,  58,  78,  85,  88,
  88,  98, 101, 101, 101, 113, 118, 122, 130, 138, 146, 150, 155, 178,
 179, 183, 186, 186, 188, 188], [], [], [], [], [], [], [], [], [], [], [], [], [], [], [], [], [], [], [], [], [], [], [], [  5,  11,  18,  21,  28,  29,  31,  36,  37,  42,  44,  44,  44,  50,
  54,  62,  62,  85,  88,  89,  91,  98, 104, 114, 117, 117, 117, 123,
 127, 131, 137, 142, 150, 150, 152, 160, 164, 166, 168, 173, 174, 180,
 180, 181, 181, 183], [  4,   5,   7,   7,   8,   9,  10,  15,  15,  16,  17,  18,  19,  19,
  21,  26,  27,  30,  30,  30,  30,  32,  33,  36,  37,  37,  37,  42,
  42,  42,  43,  44,  48,  49,  49,  51,  52,  52,  52,  55,  57,  57,
  59,  59,  60,  60,  62,  65,  68,  68,  70,  70,  70,  71,  73,  73,
  76,  77,  78,  78,  80,  81,  82,  82,  83,  84,  85,  86,  87,  87,
  89,  89,  90,  90,  92,  94,  94,  96,  97,  99, 101, 103, 104, 105,
 110, 110, 112, 112, 113, 113, 116, 116, 116, 117, 117, 117, 117, 118,
 118, 120, 121, 121, 122, 122, 122, 123, 125, 127, 127, 127, 130, 133,
 133, 134, 134, 136, 138, 138, 139, 140, 142, 143, 144, 144, 148, 149,
 150, 150, 151, 152, 154, 156, 157, 159, 160, 162, 163, 164, 165, 165,
 166, 166, 166, 167, 168, 172, 174, 175, 176, 178, 179, 180, 180, 182,
 190, 190, 191, 192, 192, 193, 194, 195, 195, 197], [  4,   5,   6,   7,   7,   8,   9,   9,  10,  13,  13,  15,  15,  17,
  17,  17,  17,  18,  18,  19,  22,  26,  28,  29,  30,  30,  30,  32,
  34,  35,  37,  38,  38,  39,  41,  42,  42,  43,  44,  45,  46,  47,
  47,  49,  50,  50,  55,  55,  55,  58,  58,  59,  59,  60,  62,  63,
  63,  64,  65,  66,  66,  67,  67,  68,  68,  69,  70,  70,  71,  75,
  75,  75,  76,  76,  79,  79,  80,  80,  80,  82,  82,  84,  84,  85,
  85,  86,  89,  89,  90,  91,  91,  91,  92,  92,  93,  94,  95,  97,
  99, 100, 102, 104, 104, 106, 106, 106, 106, 106, 108, 109, 113, 115,
 116, 116, 116, 118, 119, 119, 120, 120, 121, 121, 121, 123, 123, 123,
 124, 124, 124, 125, 126, 128, 129, 129, 131, 132, 132, 134, 134, 136,
 137, 137, 139, 139, 140, 140, 142, 142, 143, 143, 147, 147, 147, 147,
 148, 148, 151, 153, 154, 154, 154, 155, 156, 158, 159, 159, 159, 159,
 161, 162, 163, 167, 168, 168, 170, 171, 171, 172, 173, 174, 174, 178,
 179, 179, 180, 182, 185, 186, 186, 186, 187, 188, 188, 189, 192, 192,
 194, 196, 197, 198, 199], [ 21,  21,  26,  29,  29,  30,  35,  37,  41,  47,  49,  56,  62,  62,
  64,  69,  71,  75,  80,  84,  85,  89,  91, 100, 106, 110, 110, 112,
 113, 118, 122, 125, 126, 126, 134, 136, 145, 159, 161, 162, 165, 173,
 175, 182, 183, 185, 190, 193, 198], [], [], [], [], [], [], [], [], [], [], [], [], [], [], [], [], [], [], [], [], [], [], [], [], [  5,   5,   8,   8,  10,  10,  10,  11,  14,  14,  18,  26,  26,  29,
  31,  33,  33,  33,  34,  36,  40,  43,  44,  47,  50,  51,  53,  55,
  57,  62,  65,  67,  68,  68,  69,  69,  70,  72,  73,  75,  82,  84,
  85,  87,  89,  89,  90,  92,  92,  94,  94,  99,  99, 102, 106, 107,
 108, 111, 113, 115, 117, 118, 120, 126, 128, 129, 131, 134, 136, 136,
 138, 139, 140, 141, 142, 147, 147, 158, 159, 163, 164, 167, 167, 169,
 173, 179, 179, 181, 181, 183, 185, 187, 190, 191, 191, 192, 194], [  4,   4,   5,   7,   8,   8,  12,  16,  16,  19,  19,  19,  20,  23,
  24,  27,  28,  30,  30,  31,  33,  34,  35,  36,  36,  37,  38,  38,
  39,  39,  40,  41,  42,  43,  44,  44,  45,  46,  46,  47,  47,  48,
  48,  49,  50,  51,  52,  56,  57,  59,  62,  62,  62,  63,  66,  67,
  67,  67,  68,  68,  68,  69,  69,  72,  73,  74,  75,  75,  76,  78,
  78,  79,  79,  79,  79,  83,  83,  85,  85,  86,  86,  86,  88,  88,
  89,  91,  91,  92,  93,  94,  94,  94,  95,  96,  96,  98,  99, 101,
 102, 105, 107, 107, 108, 108, 108, 110, 111, 112, 113, 114, 115, 115,
 116, 117, 117, 117, 117, 118, 121, 122, 123, 125, 125, 126, 127, 129,
 130, 132, 132, 134, 134, 135, 136, 137, 140, 142, 143, 143, 143, 144,
 145, 145, 145, 147, 148, 150, 150, 152, 154, 156, 157, 158, 160, 160,
 160, 162, 162, 163, 163, 163, 164, 164, 167, 167, 170, 170, 172, 173,
 173, 174, 176, 176, 178, 180, 183, 185, 187, 193, 194, 194, 194, 195,
 195, 196, 196, 198, 198], [  4,   5,   5,   6,  13,  13,  14,  14,  15,  17,  18,  20,  21,  22,
  22,  25,  25,  27,  27,  28,  28,  30,  31,  35,  37,  37,  37,  41,
  42,  43,  43,  45,  46,  47,  48,  49,  49,  50,  50,  51,  53,  53,
  53,  59,  59,  61,  61,  61,  63,  64,  65,  67,  69,  69,  69,  70,
  71,  73,  74,  75,  76,  76,  77,  78,  79,  80,  80,  82,  82,  83,
  84,  87,  87,  87,  88,  89,  91,  92,  92,  95,  96,  97,  97,  99,
  99, 100, 101, 102, 102, 103, 103, 104, 105, 106, 106, 106, 106, 107,
 110, 114, 118, 119, 119, 120, 120, 122, 123, 125, 126, 126, 128, 130,
 131, 132, 134, 135, 137, 139, 139, 140, 140, 141, 143, 143, 143, 144,
 145, 146, 147, 148, 148, 150, 151, 154, 154, 157, 158, 160, 160, 163,
 165, 167, 169, 171, 171, 172, 172, 172, 173, 174, 175, 177, 178, 178,
 179, 180, 180, 181, 185, 185, 188, 188, 189, 191, 192, 192, 193, 193,
 195, 196, 196, 199], [ 45,  50,  82, 113, 139, 151], [], [], [], [], [], [], [], [], [], [], [], [], [], [], [], [], [], [], [], [], [], [], [], [ 34,  38,  55, 115, 181], [  5,   6,   6,   6,   8,  10,  11,  11,  11,  11,  11,  12,  12,  12,
  13,  14,  15,  18,  21,  24,  27,  35,  35,  35,  37,  39,  41,  43,
  45,  46,  48,  50,  52,  52,  53,  53,  54,  55,  59,  62,  63,  67,
  67,  68,  69,  69,  71,  71,  72,  76,  78,  79,  80,  82,  85,  85,
  86,  86,  86,  87,  87,  88,  89,  89,  89,  91,  92,  92,  94,  94,
  99,  99, 100, 102, 103, 105, 106, 110, 110, 113, 113, 118, 118, 119,
 119, 119, 120, 121, 123, 124, 124, 126, 127, 129, 130, 131, 131, 131,
 134, 135, 135, 136, 138, 138, 139, 141, 142, 143, 143, 146, 146, 146,
 147, 148, 148, 150, 151, 151, 151, 151, 153, 154, 155, 156, 156, 157,
 158, 158, 164, 166, 166, 168, 168, 170, 171, 171, 173, 175, 175, 175,
 177, 179, 182, 184, 184, 185, 186, 187, 188, 188, 190, 190, 191, 191,
 192, 193, 193, 195, 196, 198, 199, 199], [  5,   6,   6,   6,   6,   7,   8,  10,  10,  11,  13,  13,  13,  14,
  14,  15,  17,  18,  18,  19,  20,  21,  22,  24,  24,  26,  27,  30,
  32,  32,  32,  32,  35,  35,  36,  40,  40,  41,  41,  43,  44,  44,
  45,  48,  49,  49,  49,  50,  51,  52,  52,  52,  52,  54,  56,  58,
  58,  60,  60,  62,  64,  64,  66,  67,  68,  69,  71,  72,  72,  73,
  74,  74,  75,  76,  78,  81,  81,  83,  83,  85,  85,  86,  88,  88,
  93,  95,  96, 102, 103, 104, 104, 105, 106, 108, 113, 114, 114, 115,
 115, 116, 118, 121, 122, 122, 123, 124, 126, 126, 127, 127, 129, 129,
 130, 130, 133, 134, 134, 135, 136, 137, 137, 137, 137, 138, 138, 138,
 139, 140, 148, 149, 149, 150, 152, 153, 154, 155, 156, 156, 157, 158,
 158, 158, 163, 165, 165, 166, 166, 167, 167, 167, 169, 169, 170, 171,
 172, 172, 173, 176, 177, 178, 179, 180, 180, 180, 180, 180, 180, 180,
 183, 184, 185, 186, 186, 187, 187, 187, 187, 189, 189, 190, 190, 191,
 192, 197, 198], [ 10,  17,  23,  23,  31,  35,  37,  37,  39,  40,  40,  43,  44,  44,
  47,  53,  57,  58,  68,  77,  80,  82,  82,  89,  92, 100, 103, 111,
 116, 119, 122, 122, 128, 130, 138, 141, 145, 153, 159, 160, 166, 170,
 171, 172, 174, 188, 197, 198, 199], [], [], [], [], [], [], [], [], [], [], [], [], [], [], [], [], [], [], [], [], [], [], [], [], [  4,   7,   7,   9,   9,  11,  17,  22,  23,  24,  24,  26,  27,  30,
  35,  38,  38,  40,  41,  41,  43,  44,  45,  45,  46,  47,  50,  56,
  56,  56,  57,  58,  63,  65,  66,  67,  68,  70,  78,  80,  82,  88,
  88,  97,  99, 100, 100, 104, 108, 110, 112, 113, 113, 113, 116, 117,
 118, 119, 120, 122, 126, 126, 130, 136, 137, 141, 147, 148, 153, 153,
 161, 167, 171, 172, 173, 174, 175, 176, 184, 187, 193, 193, 195, 195,
 195, 196, 196, 197, 197, 197, 197], [  5,   6,   7,  10,  11,  11,  12,  12,  12,  14,  15,  16,  18,  18,
  19,  20,  20,  20,  21,  21,  22,  22,  27,  27,  27,  27,  28,  29,
  29,  31,  32,  32,  33,  34,  41,  43,  44,  44,  45,  45,  45,  46,
  48,  48,  49,  51,  56,  56,  57,  57,  58,  58,  60,  61,  62,  62,
  63,  65,  65,  65,  66,  66,  67,  67,  69,  71,  73,  74,  74,  75,
  75,  75,  76,  76,  76,  78,  78,  79,  80,  83,  83,  83,  84,  84,
  87,  88,  88,  88,  89,  92,  92,  97,  97,  99, 100, 101, 102, 103,
 105, 109, 109, 113, 113, 113, 114, 117, 118, 119, 121, 123, 123, 124,
 124, 125, 125, 125, 126, 126, 127, 128, 129, 129, 130, 132, 132, 132,
 133, 133, 134, 135, 136, 137, 137, 137, 138, 139, 139, 141, 144, 144,
 148, 149, 150, 150, 151, 151, 153, 153, 154, 154, 156, 157, 157, 158,
 161, 161, 162, 162, 163, 165, 165, 170, 171, 171, 171, 172, 173, 173,
 175, 176, 181, 181, 182, 183, 185, 185, 186, 186, 187, 188, 189, 189,
 190, 191, 191, 192, 192, 196, 197, 198, 198, 199], [  4,   8,   9,  12,  12,  14,  17,  17,  19,  19,  26,  26,  27,  28,
  28,  30,  31,  31,  32,  32,  33,  35,  36,  37,  38,  39,  45,  45,
  47,  48,  52,  52,  55,  58,  58,  60,  60,  61,  61,  63,  63,  64,
  65,  66,  68,  68,  68,  69,  71,  75,  76,  76,  80,  80,  81,  83,
  83,  85,  85,  86,  86,  88,  88,  89,  91,  91,  97,  97,  98,  99,
 100, 101, 101, 101, 102, 103, 104, 108, 109, 111, 114, 116, 117, 118,
 120, 123, 126, 131, 133, 134, 137, 138, 139, 140, 142, 144, 148, 148,
 148, 148, 148, 149, 149, 149, 149, 152, 156, 158, 160, 162, 162, 162,
 163, 163, 164, 166, 166, 167, 173, 174, 174, 175, 176, 177, 177, 177,
 178, 180, 184, 185, 187, 191, 191, 193, 194, 196, 197, 198, 198], [], [], [], [], [], [], [], [], [], [], [], [], [], [], [], [], [], [], [], [], [], [], [], [], [  5,   6,   9,  10,  13,  20,  24,  28,  30,  34,  34,  36,  37,  39,
  43,  43,  45,  49,  50,  51,  64,  64,  65,  65,  75,  76,  78,  84,
  86,  86,  88,  91,  93,  95, 101, 110, 113, 115, 119, 121, 123, 124,
 128, 136, 137, 144, 145, 148, 153, 158, 161, 163, 164, 165, 166, 168,
 171, 172, 174, 182, 183, 185, 185, 188, 190, 194, 194, 196, 197, 198], [  4,   4,   5,   5,   5,   6,   6,   7,   8,   9,  11,  11,  11,  12,
  13,  14,  16,  16,  19,  20,  21,  24,  25,  27,  27,  28,  30,  31,
  34,  35,  38,  38,  41,  41,  42,  44,  45,  46,  49,  53,  53,  55,
  56,  59,  59,  60,  60,  60,  61,  63,  64,  65,  66,  66,  67,  67,
  67,  70,  71,  73,  77,  77,  77,  79,  80,  80,  80,  81,  83,  83,
  84,  85,  85,  86,  87,  87,  87,  88,  88,  89,  93,  93,  96,  98,
  98,  98,  99,  99, 102, 107, 107, 108, 109, 111, 116, 121, 121, 121,
 121, 121, 123, 124, 125, 125, 127, 128, 128, 128, 130, 130, 130, 131,
 133, 134, 137, 137, 138, 139, 139, 141, 141, 143, 143, 144, 146, 146,
 147, 147, 148, 149, 149, 150, 151, 151, 151, 152, 154, 155, 155, 156,
 157, 159, 159, 161, 162, 163, 163, 165, 167, 167, 167, 168, 171, 171,
 174, 175, 177, 177, 179, 179, 183, 184, 184, 186, 186, 187, 188, 190,
 192, 193, 196, 196, 197, 197, 197, 198, 199], [  4,   5,   7,   7,   8,   9,   9,  11,  11,  11,  12,  12,  13,  15,
  15,  17,  21,  21,  22,  22,  23,  23,  24,  25,  27,  28,  28,  29,
  29,  30,  32,  32,  32,  32,  34,  39,  40,  41,  41,  41,  42,  43,
  45,  46,  46,  46,  47,  47,  48,  49,  49,  49,  49,  54,  54,  54,
  58,  58,  59,  60,  60,  60,  62,  64,  65,  65,  66,  68,  68,  70,
  70,  71,  72,  73,  75,  77,  77,  80,  82,  83,  84,  84,  84,  87,
  88,  88,  88,  89,  89,  89,  91,  92,  93,  93,  97,  98,  98, 100,
 101, 103, 103, 106, 108, 110, 110, 114, 116, 117, 120, 121, 122, 122,
 124, 125, 125, 126, 126, 128, 128, 130, 131, 132, 136, 138, 138, 139,
 140, 140, 141, 142, 143, 143, 147, 147, 149, 150, 151, 153, 153, 155,
 156, 158, 159, 159, 160, 160, 163, 163, 163, 164, 165, 165, 165, 166,
 167, 167, 169, 169, 170, 171, 172, 174, 175, 178, 179, 181, 181, 183,
 188, 189, 192, 192, 193, 193, 194, 197, 197, 197, 197, 198, 199], [  4,  11,  25,  26,  34,  35,  36,  37,  46,  46,  47,  51,  54,  55,
  55,  60,  63,  65,  68,  73,  74,  76,  77,  84,  87,  90,  92, 102,
 104, 109, 109, 111, 117, 119, 129, 133, 136, 147, 156, 156, 164, 171,
 174, 174, 175, 177, 181, 191, 192, 196], [], [], [], [], [], [], [], [], [], [], [], [], [], [], [], [], [], [], [], [], [], [], [], [ 14,  22,  23,  26,  30,  38,  40,  55,  68,  76,  77, 102, 112, 114,
 121, 121, 130, 152, 159, 181, 182], [  5,   5,   5,   9,   9,  11,  11,  12,  12,  15,  16,  16,  16,  18,
  18,  18,  18,  19,  23,  23,  25,  25,  26,  27,  30,  30,  31,  31,
  33,  33,  37,  43,  43,  44,  44,  45,  46,  46,  47,  48,  50,  50,
  50,  51,  52,  54,  56,  58,  59,  60,  63,  65,  66,  66,  67,  68,
  69,  71,  71,  72,  75,  75,  76,  76,  77,  78,  80,  80,  80,  81,
  83,  83,  83,  83,  84,  86,  87,  90,  91,  91,  93,  94,  96,  96,
  97, 100, 100, 101, 102, 102, 103, 103, 104, 104, 109, 110, 111, 112,
 112, 113, 113, 114, 114, 114, 117, 118, 118, 118, 118, 120, 121, 122,
 123, 123, 124, 124, 125, 127, 127, 127, 127, 130, 130, 131, 133, 133,
 134, 134, 137, 139, 141, 142, 144, 145, 146, 148, 148, 149, 151, 151,
 152, 153, 156, 156, 157, 158, 159, 159, 160, 161, 161, 162, 163, 163,
 164, 164, 164, 165, 166, 167, 167, 167, 170, 171, 172, 172, 173, 174,
 174, 174, 176, 176, 176, 179, 179, 179, 180, 181, 187, 189, 190, 190,
 196, 196, 197, 197, 198, 198], [  4,   4,   6,   7,   7,  11,  11,  13,  13,  15,  16,  16,  18,  18,
  22,  22,  22,  23,  24,  25,  25,  25,  26,  28,  29,  29,  29,  29,
  30,  30,  31,  31,  33,  33,  33,  34,  35,  37,  37,  38,  40,  40,
  41,  41,  43,  46,  46,  47,  47,  47,  48,  48,  49,  49,  50,  51,
  53,  54,  56,  56,  59,  60,  60,  61,  62,  64,  65,  65,  65,  66,
  66,  67,  71,  72,  72,  73,  74,  74,  75,  75,  75,  76,  77,  78,
  79,  79,  79,  79,  80,  81,  88,  88,  89,  89,  89,  89,  90,  90,
  91,  91,  92,  93,  95,  96,  97,  99, 100, 101, 102, 104, 104, 105,
 105, 105, 106, 106, 108, 109, 109, 111, 112, 114, 114, 114, 115, 117,
 119, 119, 120, 120, 120, 121, 122, 126, 127, 127, 128, 129, 130, 130,
 131, 132, 134, 135, 136, 136, 136, 139, 139, 141, 142, 143, 144, 145,
 146, 147, 151, 152, 153, 154, 155, 156, 156, 158, 158, 159, 160, 161,
 161, 162, 162, 165, 166, 167, 167, 167, 168, 169, 169, 169, 170, 170,
 171, 172, 172, 173, 177, 178, 178, 179, 179, 182, 182, 182, 182, 183,
 183, 184, 184, 185, 188, 189, 190, 190, 190, 191, 191, 191, 192, 192,
 192, 195, 195, 196, 197, 198, 199], [  5,  10,  11,  13,  13,  15,  18,  18,  19,  19,  20,  22,  26,  26,
  27,  29,  30,  33,  34,  38,  39,  39,  42,  43,  44,  47,  48,  48,
  49,  49,  49,  52,  57,  57,  60,  60,  61,  62,  64,  64,  65,  66,
  66,  66,  67,  67,  70,  70,  71,  72,  74,  77,  78,  79,  82,  83,
  85,  86,  86,  89,  89,  90,  91,  97,  98, 101, 103, 104, 106, 109,
 109, 111, 113, 114, 115, 115, 117, 117, 118, 118, 120, 120, 122, 124,
 128, 131, 131, 132, 133, 134, 137, 137, 141, 142, 143, 144, 150, 150,
 151, 152, 152, 153, 154, 155, 158, 158, 158, 159, 160, 163, 165, 166,
 167, 167, 169, 170, 172, 176, 179, 180, 182, 185, 186, 187, 191, 192,
 195, 196, 197, 198], [], [], [], [], [], [], [], [], [], [], [], [], [], [], [], [], [], [], [], [], [], [], [], [121, 185], [  5,   5,   5,   7,   7,   9,   9,  10,  10,  11,  12,  14,  16,  16,
  16,  21,  21,  28,  30,  31,  31,  31,  33,  33,  36,  37,  38,  43,
  43,  43,  45,  46,  47,  47,  48,  49,  56,  58,  60,  61,  61,  62,
  65,  66,  68,  68,  68,  69,  69,  70,  71,  71,  75,  75,  75,  77,
  79,  84,  84,  85,  85,  85,  88,  89,  89,  90,  90,  90,  93,  95,
  96,  96, 100, 101, 103, 105, 105, 106, 107, 108, 112, 112, 112, 114,
 114, 115, 116, 116, 117, 119, 120, 121, 122, 123, 123, 124, 124, 125,
 126, 129, 130, 130, 130, 130, 133, 134, 135, 138, 139, 143, 143, 144,
 145, 146, 146, 147, 148, 149, 151, 152, 152, 152, 153, 155, 156, 156,
 157, 158, 159, 159, 161, 161, 163, 163, 164, 165, 167, 167, 168, 169,
 170, 171, 172, 173, 173, 176, 177, 177, 177, 179, 183, 183, 183, 184,
 185, 189, 190, 190, 191, 191, 193, 195, 196, 199, 199], [  4,   5,   6,   6,   6,   7,   8,   8,   9,  10,  12,  12,  14,  14,
  14,  16,  16,  16,  17,  17,  17,  18,  18,  18,  19,  20,  20,  20,
  21,  21,  22,  22,  24,  27,  27,  29,  29,  31,  31,  34,  35,  36,
  37,  38,  38,  39,  39,  40,  41,  42,  43,  45,  46,  48,  48,  49,
  50,  52,  53,  54,  55,  55,  55,  57,  59,  59,  61,  61,  62,  65,
  65,  66,  73,  74,  77,  78,  78,  78,  80,  83,  84,  85,  85,  86,
  86,  87,  87,  89,  89,  90,  91,  91,  92,  92,  92,  94,  96,  96,
  97,  98, 100, 100, 100, 102, 102, 104, 104, 106, 106, 106, 107, 108,
 108, 109, 110, 110, 110, 110, 111, 111, 112, 112, 112, 115, 115, 116,
 116, 118, 121, 121, 122, 122, 128, 129, 130, 131, 131, 131, 133, 136,
 136, 137, 137, 138, 139, 139, 139, 140, 140, 140, 141, 142, 144, 145,
 146, 147, 149, 149, 150, 151, 153, 153, 154, 155, 155, 157, 157, 158,
 159, 160, 160, 162, 163, 163, 164, 164, 167, 167, 168, 171, 171, 173,
 173, 174, 175, 176, 176, 178, 178, 179, 180, 181, 182, 184, 185, 186,
 187, 188, 189, 190, 190, 190, 194, 196, 197, 198, 199], [  4,   5,   5,   8,   8,   8,  16,  18,  20,  20,  23,  24,  25,  26,
  26,  31,  32,  33,  34,  35,  37,  39,  41,  41,  43,  45,  45,  48,
  50,  50,  52,  53,  56,  56,  58,  59,  59,  60,  65,  65,  65,  66,
  68,  69,  69,  70,  71,  76,  76,  77,  78,  80,  82,  82,  83,  83,
  85,  86,  87,  90,  90,  93,  94,  94,  94,  94,  99,  99, 101, 102,
 103, 103, 106, 108, 109, 113, 114, 114, 115, 118, 118, 119, 119, 121,
 122, 123, 125, 125, 125, 126, 127, 127, 128, 128, 129, 130, 131, 134,
 134, 135, 136, 136, 136, 137, 138, 141, 141, 141, 143, 143, 144, 145,
 145, 148, 149, 149, 151, 152, 152, 152, 155, 158, 160, 161, 161, 162,
 164, 166, 167, 168, 171, 172, 172, 173, 173, 174, 175, 175, 175, 175,
 180, 181, 181, 182, 183, 187, 190, 190, 190, 190, 191, 191, 191, 192,
 195, 196, 196, 196, 196, 198, 199, 199], [  6,   7,  11,  18,  28,  31,  36,  43,  47,  52,  57,  69,  69,  80,
  81,  83,  90,  92, 100, 110, 122, 140, 141, 142, 142, 152, 158, 171,
 175, 176, 182, 182], [], [], [], [], [], [], [], [], [], [], [], [], [], [], [], [], [], [], [], [], [], [], [], [  7,  23,  24,  32,  34,  38,  39,  42,  42,  50,  62,  68,  75,  89,
  93,  93, 101, 103, 104, 112, 113, 117, 118, 126, 130, 130, 133, 141,
 173, 175, 185, 188, 198], [  4,   5,   7,   9,   9,  10,  10,  12,  13,  13,  14,  15,  16,  18,
  19,  19,  20,  21,  22,  22,  29,  29,  30,  32,  32,  36,  37,  39,
  40,  41,  43,  43,  44,  44,  45,  47,  47,  48,  54,  54,  55,  55,
  56,  57,  57,  57,  57,  57,  58,  59,  60,  64,  68,  68,  69,  73,
  73,  74,  74,  74,  76,  76,  77,  77,  77,  80,  80,  80,  82,  82,
  84,  84,  86,  86,  88,  89,  90,  90,  91,  91,  91,  92,  93,  94,
  95,  96,  96,  98,  98,  98, 101, 101, 101, 102, 103, 103, 105, 105,
 108, 108, 108, 109, 110, 111, 112, 113, 114, 114, 116, 117, 120, 126,
 126, 128, 128, 128, 130, 130, 132, 132, 133, 134, 134, 134, 134, 134,
 135, 139, 141, 141, 143, 143, 143, 144, 144, 144, 145, 146, 146, 146,
 147, 149, 150, 151, 151, 152, 152, 154, 154, 155, 156, 157, 159, 162,
 163, 164, 165, 165, 167, 168, 168, 170, 170, 172, 174, 175, 177, 179,
 179, 181, 183, 183, 186, 186, 186, 188, 188, 189, 190, 190, 191, 191,
 192, 194, 195, 195, 195, 196, 198, 198, 199, 199, 199], [  5,   8,   9,   9,  10,  10,  12,  13,  14,  15,  16,  17,  18,  19,
  20,  21,  22,  24,  24,  25,  26,  26,  26,  27,  29,  31,  31,  32,
  32,  32,  32,  38,  40,  42,  43,  43,  45,  45,  47,  48,  48,  49,
  49,  49,  50,  50,  51,  51,  51,  52,  53,  55,  56,  56,  57,  57,
  58,  60,  61,  62,  63,  65,  65,  65,  65,  65,  67,  68,  68,  69,
  69,  70,  70,  70,  71,  73,  73,  73,  73,  75,  76,  77,  80,  81,
  83,  84,  85,  86,  87,  87,  88,  89,  89,  91,  91,  94,  94,  95,
  95,  97,  97, 101, 102, 103, 104, 105, 106, 107, 107, 107, 108, 109,
 109, 110, 110, 111, 111, 111, 112, 113, 117, 117, 119, 120, 120, 120,
 121, 122, 123, 128, 131, 132, 132, 133, 134, 135, 137, 137, 137, 138,
 143, 143, 143, 143, 145, 147, 147, 147, 148, 148, 148, 149, 151, 152,
 153, 154, 154, 156, 156, 156, 156, 156, 157, 158, 158, 159, 159, 161,
 162, 163, 163, 163, 165, 166, 166, 167, 168, 169, 171, 172, 172, 173,
 173, 177, 180, 180, 181, 181, 181, 182, 182, 182, 185, 185, 185, 186,
 187, 189, 190, 190, 190, 191, 192, 193, 193, 193, 195, 198, 198], [  4,   7,   8,  12,  12,  14,  15,  18,  18,  22,  25,  27,  32,  40,
  42,  46,  65,  69,  71,  72,  73,  73,  77,  78,  79,  83,  87,  89,
  94,  95,  98, 101, 112, 119, 119, 125, 126, 127, 130, 132, 133, 145,
 147, 153, 153, 158, 161, 162, 162, 165, 169, 169, 171, 175, 176, 179,
 180, 181, 186, 187, 188, 195], [], [], [], [], [], [], [], [], [], [], [], [], [], [], [], [], [], [], [], [], [], [], [], [ 11,  11,  12,  46,  57,  59,  61,  61,  65,  78,  83, 102, 109, 111,
 120, 121, 125, 128, 133, 144, 154, 155, 173, 175, 181, 192], [  5,   6,   6,   7,   8,   9,   9,  10,  10,  10,  13,  13,  14,  14,
  14,  15,  16,  16,  19,  19,  20,  20,  21,  23,  25,  25,  27,  27,
  31,  32,  32,  34,  34,  38,  39,  43,  45,  47,  47,  49,  49,  49,
  49,  50,  51,  54,  54,  55,  56,  58,  58,  60,  62,  62,  63,  63,
  64,  64,  65,  65,  66,  66,  66,  68,  69,  71,  72,  72,  72,  72,
  74,  76,  78,  78,  78,  81,  82,  82,  83,  84,  86,  86,  88,  90,
  93,  94,  94,  96,  96,  97,  97,  99, 100, 100, 106, 106, 109, 109,
 112, 114, 114, 115, 117, 118, 118, 120, 120, 121, 122, 123, 123, 129,
 129, 130, 131, 132, 132, 135, 135, 137, 140, 142, 142, 143, 147, 150,
 153, 154, 155, 156, 157, 157, 158, 159, 159, 159, 160, 161, 161, 162,
 164, 165, 166, 167, 170, 170, 170, 172, 174, 176, 177, 183, 188, 188,
 190, 192, 196, 197, 199], [  4,   7,   7,   9,  11,  13,  13,  14,  15,  16,  17,  17,  18,  20,
  20,  20,  21,  23,  24,  25,  25,  25,  27,  27,  27,  27,  27,  29,
  29,  30,  30,  31,  31,  32,  32,  35,  36,  37,  37,  41,  41,  42,
  42,  44,  45,  47,  48,  48,  54,  55,  56,  57,  57,  58,  59,  62,
  62,  63,  63,  65,  65,  66,  69,  69,  69,  70,  70,  71,  72,  75,
  76,  77,  79,  79,  79,  80,  82,  83,  84,  84,  86,  87,  88,  88,
  89,  90,  93,  93,  93,  95,  95,  96,  98, 101, 102, 102, 103, 104,
 105, 106, 106, 106, 107, 107, 108, 108, 108, 110, 111, 113, 114, 114,
 115, 116, 117, 118, 119, 119, 120, 122, 124, 124, 125, 126, 126, 127,
 127, 128, 128, 132, 133, 136, 136, 139, 140, 143, 143, 143, 145, 146,
 146, 147, 148, 148, 148, 149, 150, 151, 153, 153, 153, 154, 155, 155,
 157, 159, 160, 161, 161, 163, 163, 164, 166, 167, 169, 169, 169, 170,
 174, 174, 175, 175, 175, 175, 175, 176, 176, 177, 177, 181, 182, 183,
 183, 183, 185, 185, 185, 187, 188, 189, 189, 190, 192, 193, 196, 197,
 197, 198], [  4,   7,   8,   9,  10,  11,  13,  13,  14,  16,  17,  19,  19,  21,
  23,  29,  30,  32,  32,  33,  33,  36,  38,  43,  45,  50,  52,  56,
  60,  60,  60,  61,  65,  69,  70,  77,  78,  79,  80,  85,  87,  90,
  92,  96,  97, 103, 105, 105, 111, 113, 113, 117, 117, 121, 126, 137,
 140, 141, 146, 147, 152, 154, 159, 162, 164, 165, 165, 165, 169, 171,
 173, 174, 174, 176, 179, 180, 183, 183, 183, 185, 186, 188, 192, 193,
 196, 197], [100], [], [], [], [], [], [], [], [], [], [], [], [], [], [], [], [], [], [], [], [], [], [], [], [  4,   7,   8,   8,  14,  18,  18,  20,  22,  23,  27,  30,  31,  34,
  38,  41,  41,  41,  45,  46,  47,  48,  49,  49,  50,  51,  51,  53,
  56,  61,  63,  64,  68,  69,  69,  76,  82,  95,  95,  96,  97, 100,
 103, 107, 109, 111, 111, 111, 112, 115, 117, 117, 118, 122, 123, 124,
 126, 131, 133, 136, 140, 145, 149, 151, 151, 151, 152, 153, 159, 159,
 161, 163, 164, 164, 165, 168, 168, 168, 169, 171, 173, 174, 174, 177,
 182, 183, 185, 185, 188, 188, 189, 194, 194, 194, 196, 196], [  4,   5,   6,   6,   6,   7,   7,   8,  11,  11,  11,  13,  14,  14,
  16,  17,  18,  20,  22,  24,  24,  27,  27,  27,  28,  30,  30,  30,
  31,  31,  31,  31,  32,  33,  34,  35,  36,  37,  37,  43,  44,  44,
  44,  45,  47,  47,  48,  49,  51,  52,  53,  54,  54,  56,  59,  60,
  61,  61,  62,  62,  63,  65,  66,  67,  68,  68,  69,  69,  70,  73,
  73,  74,  75,  76,  76,  76,  76,  76,  77,  78,  78,  79,  80,  81,
  82,  83,  83,  85,  85,  86,  86,  87,  87,  90,  90,  90,  93,  97,
  99,  99, 100, 101, 102, 105, 105, 106, 107, 108, 108, 109, 110, 111,
 111, 112, 113, 113, 114, 115, 115, 115, 118, 120, 120, 121, 121, 121,
 122, 123, 123, 125, 126, 126, 128, 131, 131, 134, 135, 138, 139, 140,
 141, 141, 141, 142, 144, 145, 147, 147, 148, 149, 149, 149, 149, 150,
 152, 154, 154, 156, 156, 160, 162, 164, 164, 165, 166, 169, 169, 170,
 170, 171, 173, 174, 175, 176, 176, 176, 180, 180, 181, 182, 182, 182,
 182, 183, 184, 185, 185, 185, 188, 188, 190, 190, 192, 192, 192, 192,
 192, 195, 196, 196, 197, 197], [  4,   8,   8,   8,   8,  10,  10,  11,  12,  12,  13,  14,  15,  15,
  15,  17,  18,  20,  22,  22,  24,  25,  25,  25,  25,  25,  26,  26,
  28,  29,  31,  31,  31,  32,  32,  32,  33,  34,  35,  36,  38,  39,
  39,  39,  39,  41,  42,  42,  44,  45,  47,  48,  50,  51,  51,  51,
  51,  52,  55,  55,  55,  56,  57,  59,  61,  62,  64,  65,  66,  67,
  67,  67,  68,  68,  69,  70,  70,  70,  71,  71,  72,  73,  74,  74,
  75,  77,  78,  78,  78,  78,  79,  81,  81,  82,  83,  84,  84,  87,
  87,  87,  89,  89,  93,  93,  94,  98, 100, 100, 103, 104, 105, 106,
 106, 107, 107, 111, 111, 111, 112, 113, 113, 114, 114, 115, 116, 116,
 116, 117, 117, 119, 119, 120, 120, 121, 121, 125, 126, 134, 135, 135,
 136, 136, 137, 138, 138, 138, 139, 139, 141, 146, 147, 147, 147, 149,
 151, 152, 152, 155, 156, 156, 157, 158, 158, 159, 160, 160, 161, 161,
 162, 162, 162, 162, 163, 164, 165, 165, 165, 167, 169, 169, 170, 170,
 173, 178, 178, 179, 180, 180, 180, 180, 182, 182, 183, 187, 187, 188,
 189, 190, 190, 192, 192, 192, 193, 193, 193, 193, 194, 195, 195, 195,
 196, 197, 197], [  6,  16,  17,  20,  21,  44,  57,  58,  59,  61,  63,  66,  67,  69,
  69,  70,  80,  82,  83,  89,  96, 103, 110, 113, 118, 123, 130, 132,
 133, 152, 154, 162, 164, 188, 188, 193], [], [], [], [], [], [], [], [], [], [], [], [], [], [], [], [], [], [], [], [], [], [], [], [  9,  15,  23,  27,  33,  37,  40,  42,  43,  44,  45,  48,  50,  52,
  70,  71,  79,  81,  90,  91,  92,  94,  95, 104, 107, 111, 114, 115,
 116, 117, 120, 122, 123, 127, 149, 149, 152, 152, 153, 154, 162, 166,
 167, 172, 186, 190, 193, 196, 199], [  4,   7,   7,   8,   8,   9,   9,   9,  10,  10,  11,  11,  14,  14,
  15,  16,  17,  17,  17,  17,  18,  18,  19,  20,  21,  21,  26,  28,
  29,  29,  29,  32,  32,  33,  33,  33,  34,  36,  37,  38,  39,  39,
  40,  40,  41,  41,  42,  44,  45,  45,  46,  46,  48,  50,  51,  51,
  53,  53,  53,  54,  54,  55,  55,  56,  57,  57,  58,  58,  58,  59,
  60,  62,  62,  64,  65,  65,  65,  65,  66,  66,  67,  68,  70,  70,
  75,  75,  75,  77,  78,  79,  79,  79,  80,  82,  82,  83,  84,  84,
  84,  85,  86,  86,  86,  87,  87,  88,  88,  90,  92,  93,  93,  93,
  96,  98,  98,  99,  99, 100, 100, 100, 101, 101, 101, 102, 102, 102,
 103, 103, 103, 104, 104, 105, 106, 108, 109, 110, 110, 110, 112, 112,
 112, 113, 114, 116, 117, 117, 117, 117, 117, 118, 121, 121, 121, 122,
 124, 124, 127, 128, 128, 130, 132, 132, 133, 133, 136, 141, 143, 145,
 145, 145, 146, 146, 147, 148, 149, 151, 152, 152, 152, 152, 155, 155,
 156, 157, 159, 159, 160, 161, 162, 162, 163, 165, 170, 170, 170, 171,
 172, 172, 172, 174, 175, 175, 177, 179, 181, 182, 182, 184, 187, 187,
 189, 189, 190, 190, 191, 193, 194, 196], [  4,   6,   7,  11,  12,  13,  13,  16,  18,  20,  23,  24,  24,  24,
  24,  25,  25,  26,  29,  29,  31,  31,  31,  32,  35,  36,  37,  39,
  39,  40,  41,  42,  43,  43,  44,  44,  47,  50,  52,  53,  57,  59,
  59,  60,  62,  62,  62,  65,  65,  67,  68,  68,  69,  72,  73,  74,
  77,  78,  78,  78,  78,  79,  80,  80,  82,  83,  83,  84,  86,  87,
  88,  89,  90,  91,  92,  94,  95,  95,  97,  97, 100, 102, 103, 103,
 104, 104, 104, 106, 109, 109, 109, 111, 114, 116, 117, 118, 120, 120,
 121, 122, 122, 123, 123, 124, 125, 125, 126, 126, 127, 128, 128, 131,
 131, 131, 131, 131, 131, 134, 135, 135, 135, 137, 137, 137, 139, 141,
 142, 143, 144, 144, 145, 146, 147, 147, 148, 149, 149, 149, 152, 152,
 153, 156, 158, 158, 160, 161, 163, 164, 164, 164, 165, 165, 166, 166,
 167, 169, 171, 171, 172, 174, 176, 179, 179, 181, 182, 182, 182, 182,
 184, 185, 186, 186, 188, 189, 189, 190, 190, 191, 191, 193, 194, 196,
 198], [  4,   4,   5,   7,   8,   9,  12,  12,  13,  13,  16,  16,  16,  17,
  18,  21,  21,  22,  25,  25,  26,  26,  27,  29,  32,  32,  33,  33,
  33,  33,  33,  34,  34,  35,  38,  39,  39,  40,  41,  42,  43,  43,
  43,  44,  45,  46,  47,  48,  48,  49,  51,  52,  53,  55,  56,  57,
  58,  61,  61,  62,  64,  65,  65,  66,  66,  67,  70,  70,  71,  72,
  73,  73,  74,  74,  74,  76,  77,  79,  80,  80,  83,  84,  84,  85,
  87,  89,  89,  89,  90,  92,  93,  94,  95,  96,  96,  97,  97, 101,
 102, 105, 107, 107, 108, 108, 110, 111, 114, 114, 115, 117, 117, 117,
 120, 122, 122, 122, 123, 125, 127, 128, 129, 129, 129, 130, 131, 133,
 134, 134, 135, 137, 137, 137, 141, 142, 142, 143, 144, 147, 147, 148,
 148, 150, 151, 152, 154, 155, 155, 156, 157, 158, 158, 159, 163, 163,
 163, 163, 165, 167, 167, 170, 171, 171, 172, 172, 173, 173, 174, 175,
 177, 178, 178, 178, 179, 179, 179, 180, 183, 184, 187, 188, 189, 190,
 192, 193, 193, 195, 195, 196, 196, 197, 197, 197, 198], [ 11,  18,  19,  26,  27,  30,  31,  32,  42,  43,  51,  54,  55,  59,
  60,  62,  62,  70,  74,  79,  82,  84,  85,  97,  97,  99, 100, 101,
 105, 105, 106, 114, 120, 120, 120, 147, 147, 157, 172, 179, 187, 194], [], [], [], [], [], [], [], [], [], [], [], [], [], [], [], [], [], [], [], [], [], [], [], [  6,   8,  11,  12,  15,  16,  17,  17,  20,  21,  22,  24,  25,  25,
  25,  25,  28,  35,  37,  44,  44,  45,  45,  48,  49,  53,  58,  59,
  60,  61,  63,  64,  67,  69,  72,  74,  78,  80,  87,  88,  91,  92,
  93,  94,  95, 101, 106, 111, 112, 117, 118, 119, 120, 121, 129, 129,
 134, 145, 147, 147, 148, 149, 149, 153, 154, 154, 155, 156, 157, 157,
 157, 163, 163, 166, 168, 169, 170, 171, 173, 180, 187, 194, 195, 195,
 199, 199], [  4,   7,   8,   9,   9,  11,  12,  14,  15,  16,  17,  19,  19,  19,
  22,  27,  27,  28,  29,  29,  30,  30,  32,  36,  38,  38,  38,  39,
  40,  41,  42,  42,  43,  44,  44,  47,  49,  50,  51,  51,  51,  52,
  53,  54,  55,  55,  56,  57,  58,  60,  60,  61,  61,  61,  62,  62,
  62,  63,  64,  65,  66,  66,  67,  68,  69,  69,  69,  70,  71,  71,
  71,  73,  74,  75,  75,  75,  75,  76,  76,  77,  77,  79,  79,  83,
  84,  84,  86,  86,  86,  87,  87,  88,  88,  89,  89,  90,  90,  91,
  92,  94,  95,  96,  98, 100, 100, 100, 101, 102, 103, 104, 105, 105,
 105, 106, 107, 108, 108, 108, 109, 110, 110, 111, 111, 113, 113, 114,
 114, 116, 117, 118, 120, 120, 121, 123, 124, 125, 127, 131, 134, 135,
 136, 142, 143, 144, 144, 145, 145, 146, 146, 148, 148, 148, 149, 150,
 151, 151, 152, 152, 152, 153, 156, 156, 157, 157, 158, 160, 161, 161,
 161, 164, 166, 170, 171, 173, 174, 174, 175, 176, 178, 180, 182, 183,
 183, 185, 187, 188, 189, 190, 191, 192, 192, 193, 193, 193, 195, 198,
 198, 199, 199], [  6,   6,   7,   9,  10,  12,  12,  12,  12,  13,  13,  13,  13,  13,
  14,  15,  16,  18,  24,  26,  26,  28,  28,  29,  30,  32,  32,  33,
  33,  33,  34,  36,  37,  38,  40,  40,  40,  41,  42,  45,  47,  48,
  51,  52,  52,  54,  55,  59,  59,  60,  61,  62,  64,  66,  69,  69,
  70,  73,  75,  77,  79,  79,  80,  83,  83,  85,  86,  86,  87,  87,
  87,  88,  88,  89,  89,  89,  91,  93,  93,  94,  94,  96,  97,  98,
 101, 101, 101, 101, 102, 103, 103, 104, 106, 106, 107, 108, 109, 110,
 114, 114, 115, 116, 116, 117, 118, 118, 119, 121, 121, 122, 122, 124,
 124, 125, 126, 129, 130, 132, 132, 133, 135, 136, 136, 138, 138, 140,
 140, 142, 142, 143, 143, 144, 145, 146, 147, 147, 148, 148, 150, 150,
 150, 151, 151, 152, 153, 154, 156, 157, 159, 160, 161, 163, 164, 167,
 167, 167, 170, 172, 173, 174, 175, 175, 175, 178, 178, 180, 185, 186,
 187, 188, 190, 191, 192, 195, 195, 195, 197, 197], [  5,   6,   8,   9,   9,  12,  14,  14,  14,  15,  17,  17,  17,  18,
  18,  21,  23,  23,  24,  25,  28,  29,  30,  33,  33,  35,  36,  36,
  37,  38,  38,  39,  40,  40,  41,  42,  44,  47,  47,  48,  48,  50,
  51,  52,  56,  57,  57,  58,  59,  60,  60,  61,  62,  62,  63,  66,
  66,  66,  67,  68,  69,  70,  71,  72,  73,  73,  73,  73,  74,  75,
  76,  77,  80,  84,  90,  90,  92,  98,  99, 100, 100, 100, 103, 103,
 104, 105, 105, 107, 107, 107, 109, 110, 113, 114, 114, 116, 116, 118,
 119, 121, 123, 124, 124, 127, 127, 128, 129, 129, 132, 132, 132, 133,
 136, 136, 137, 139, 140, 141, 142, 143, 143, 143, 143, 144, 144, 145,
 147, 149, 150, 152, 156, 157, 157, 158, 159, 160, 160, 161, 162, 162,
 164, 165, 166, 167, 169, 171, 172, 172, 174, 175, 175, 177, 178, 180,
 181, 181, 182, 183, 183, 184, 185, 187, 187, 187, 188, 188, 190, 192,
 192, 192, 195, 195, 196, 197, 197, 199, 199], [ 17,  19,  22,  32,  42,  44,  48,  60,  60,  61,  69,  71,  80,  84,
 103, 116, 123, 136, 145, 146, 169, 173, 176, 177, 178, 182, 187, 194], [], [], [], [], [], [], [], [], [], [], [], [], [], [], [], [], [], [], [], [], [], [], [], [  6,   7,  13,  20,  21,  32,  35,  36,  43,  48,  51,  53,  55,  56,
  59,  62,  63,  65,  65,  66,  70,  75,  79,  79,  81,  81,  83,  86,
  87,  92,  98,  99,  99,  99, 102, 107, 112, 112, 117, 117, 118, 121,
 125, 126, 128, 136, 136, 137, 139, 147, 152, 162, 165, 165, 167, 169,
 171, 171, 174, 181, 182, 183, 184, 185, 185, 187, 190, 190, 191, 191,
 194, 196, 197, 197], [  4,   5,   7,   8,   9,   9,   9,  10,  10,  10,  11,  11,  11,  12,
  12,  16,  17,  19,  22,  23,  24,  24,  25,  27,  28,  28,  28,  30,
  31,  32,  33,  33,  34,  35,  37,  37,  38,  38,  40,  40,  44,  44,
  44,  49,  49,  50,  52,  52,  53,  53,  54,  54,  55,  56,  56,  58,
  58,  59,  59,  61,  61,  62,  63,  63,  64,  64,  65,  65,  66,  67,
  70,  71,  73,  74,  74,  76,  76,  78,  79,  80,  81,  81,  84,  84,
  84,  86,  87,  89,  89,  91,  91,  91,  92,  93,  94,  95,  95,  96,
  97,  97, 100, 103, 105, 106, 106, 108, 111, 111, 111, 116, 118, 119,
 119, 120, 122, 124, 127, 129, 130, 134, 135, 135, 136, 137, 137, 138,
 139, 140, 141, 141, 141, 142, 143, 143, 147, 150, 152, 152, 154, 155,
 157, 157, 157, 158, 158, 158, 159, 160, 161, 164, 164, 166, 167, 168,
 169, 170, 172, 173, 173, 173, 173, 174, 176, 177, 177, 177, 177, 178,
 180, 182, 183, 183, 183, 184, 185, 188, 191, 192, 194, 198, 199], [  4,   4,   9,   9,  10,  15,  15,  18,  20,  20,  21,  22,  25,  26,
  27,  28,  30,  30,  36,  37,  37,  37,  38,  39,  44,  45,  52,  56,
  57,  60,  62,  66,  71,  72,  72,  72,  74,  76,  77,  78,  79,  80,
  81,  86,  89,  93,  97,  98,  98,  99, 100, 101, 103, 104, 104, 106,
 108, 109, 111, 112, 116, 117, 120, 121, 121, 122, 129, 130, 132, 133,
 134, 137, 141, 145, 146, 148, 150, 154, 155, 165, 166, 167, 169, 171,
 172, 176, 177, 178, 179, 181, 182, 185, 186, 187, 189, 190, 191, 193,
 193, 196], [ 21,  28,  38,  48,  67, 102, 114, 132, 133, 139, 143, 147, 161, 184,
 190, 197], [], [], [], [], [], [], [], [], [], [], [], [], [], [], [], [], [], [], [], [], [], [], [], [], [], [], [], [], [], [], [], [], [], [], [], [], [], [], [], [], [], []]
